000001 000000HEADER 100125                         2.0  002.5   40.0   40.0   31.4     47           111                          00                                        01
000001 000000Z H 7R -310E-1 2.7910-1.3730 .19330 1.7540 .60690-.81470 .72940 .11000 .27610-.39880 .00357-.09793 .23180 .24000-.17480-.06520-.10830-.01658-.22180-.28590+            50000207000001 000000Z H 7R -310E-1 2.1720-.25600 .83180 .43240 .68300-1.7500 .08928-.58320-.75610-.12990-.39600-.02593-.14890-.22890 .00402 .27420 .19600 .14900 .16600 .35330+            50000307
000001 000000HEADER 100125                         4.0  002.5   40.0   40.0   31.4     47           111                          00                                        02000001 000000Z H 7R +160E3  9449.0 5493.0 3338.0 2173.0 1490.0 1047.0 587.80 329.10 204.10 119.20 71.750 44.630 28.560 18.620 12.700 8.4740 5.8380 3.9320 2.6110 1.4700+            50000599
000001 000000Z H 6R +159E3  4613.0 2767.0 1666.0 1082.0 742.70 521.90 293.50 164.10 102.50 59.230 35.580 22.210 14.170 9.1860 6.0480 4.0310 2.7140 1.9300 1.1520 .93400+            50000699000001 000000Z H 6R +159E3  4602.0 2762.0 1662.0 1080.0 740.70 521.50 293.30 163.70 102.20 59.230 35.850 22.370 14.170 9.2850 6.1250 3.9930 2.6660 1.7810 1.0640 .82780+            50000799
000001 000000Z H 6R +159E3  4596.0 2757.0 1659.0 1078.0 739.50 520.30 293.30 163.50 102.20 59.410 35.850 22.370 14.260 9.4830 6.3060 4.0510 2.8570 1.7680 1.1520 .79750+            50000899000001 000000Z H 6R +159E3  4599.0 2747.0 1656.0 1077.0 738.30 519.20 291.90 162.50 101.70 59.150 35.520 22.210 13.960 9.1860 6.1250 4.0720 2.8250 1.8180 1.3870 1.0560+            50000999
000001 000000Z H 6R +159E3  4587.0 2748.0 1653.0 1076.0 737.50 519.20 291.90 162.80 102.20 59.230 35.790 22.480 14.470 9.6800 6.5910 4.4560 2.9840 2.0530 1.2500 .72740+            50001099000001 000000X H 6R +819E1  1596.0 942.50 757.30 583.10 377.00 232.80 137.60 88.790 49.370 23.300 21.900 17.810 6.3980-5.2710-11.410 3.4630 7.8690 4.5520 3.2630-2.5040+            50001199
000001 000000X H 6R +819E1  1593.0 959.40 770.30 600.70 378.10 239.20 147.50 83.300 47.370 25.310 13.030 8.3740 4.6140 1.3850-3.3290-3.3190-.84130 2.6040 2.7510 3.2390+            50001299000001 000000X H 6R +819E1  1594.0 960.50 756.80 588.50 383.70 240.10 149.50 86.540 48.920 26.620 21.140 8.7500 2.0920 2.8460 7.1330 4.8980 3.1940 5.1740-3.5470 .99080+            50001399
000001 000000X H 6R +819E1  1598.0 955.10 735.30 571.30 369.30 228.70 128.80 68.780 32.870 8.0150 8.6980 10.030 12.870 13.200 7.2890-2.6370 .71320-7.6130 3.5540 5.4770+            50001499000001 000000X H 6R +819E1  1590.0 947.90 748.40 582.40 369.30 225.50 131.10 79.490 42.940 22.600 12.960 3.9830 1.5780-.19150-.20860-.86090-.51180 5.2490-2.9970 2.3160+            50001599
000001 000000Y H 6R -191E2 -1042.0-185.10-85.120-92.210-74.670-43.230 3.7300 5.9380 5.3880 5.1330 6.0630 8.2130 4.8650 4.8430 5.7110 1.0200-1.4990-2.7880 .69740-.00990+            50001699000001 000000Y H 6R -191E2 -1033.0-195.30-83.250-99.830-81.430-47.120 5.5340 10.220 4.6510 3.4750 6.1410 2.0820 3.2210 .85600-4.0830-2.6070-.55690 .31950 1.8260-.86910+            50001799
000001 000000Y H 6R -191E2 -1031.0-172.40-79.510-99.440-75.840-60.160 4.2160 5.9440 .51950 .90740-9.9650-10.140 14.300 8.7590 .16490-5.1250 .71140-3.2360-.53130-3.0310+            50001899000001 000000Y H 6R -191E2 -1053.0-208.70-109.80-116.20-94.950-74.080-16.910-11.900-13.410-13.270-5.0530 2.8870 19.760 17.670 5.6860 13.540 11.930 3.2850 8.3960-1.0690+            50001999
000001 000000Y H 6R -191E2 -1014.0-177.20-75.760-84.600-64.380-57.420-6.1800 9.4230 5.9070-6.6640 11.730 17.060 6.3980-7.8750-14.180-16.610-9.8130 4.3530-7.9320 11.130+            50002099000001 000001Z u 6R +159E3  13470. 12810. 12770. 12790. 12770. 12760. 12750. 12430. 12750. 8774.0 6526.0 3867.0 1992.0 1053.0 746.40 483.30 240.50 132.90 72.850 38.420+            30002199
000001 000001Z u 6R +159E3  13470. 12810. 12760. 12790. 12770. 12760. 12750. 12430. 12750. 8770.0 6523.0 3864.0 1992.0 1053.0 745.90 483.20 240.20 133.40 72.930 38.030+            30002299000001 000001Z u 6R +159E3  13460. 12800. 12760. 12780. 12760. 12750. 12740. 12430. 12750. 8766.0 6518.0 3864.0 1990.0 1053.0 745.70 482.20 240.10 133.40 72.730 38.420+            30002399
000001 000001Z u 6R +159E3  13460. 12800. 12760. 12780. 12760. 12750. 12740. 12420. 12740. 8761.0 6518.0 3861.0 1989.0 1052.0 745.00 482.10 240.10 133.20 72.730 38.310+            30002499000001 000001Z u 5R +159E3  13480. 12800. 12760. 12770. 12750. 12740. 12760. 9181.0 10660. 4420.0 3268.0 1936.0 997.00 526.80 373.30 241.30 120.10 66.470 36.380 19.070+            30002599
000001 000001Z u 2R +159E3  13450. 12780. 12730. 10660. 4925.0 3699.0 4133.0 1336.0 1364.0 555.80 410.10 243.70 125.20 66.230 47.240 30.430 15.140 8.3550 4.6530 2.4340+            30002699000001 000001Z u 2R +159E3  13450. 12780. 12730. 10650. 4924.0 3700.0 4132.0 1335.0 1363.0 556.30 410.10 243.30 125.20 66.430 46.980 30.370 15.120 8.4050 4.6040 2.4110+            30002799
000001 000001Z u 1R +159E3  13420. 11370. 8869.0 5315.0 2440.0 1856.0 2065.0 665.20 683.80 278.50 204.90 122.10 62.980 33.110 23.620 15.260 7.6310 4.1910 2.2640 1.2170+            30002899000001 000001Z u 1R +159E3  13420. 11370. 8868.0 5311.0 2439.0 1857.0 2066.0 664.40 683.20 278.30 205.20 121.80 62.900 33.280 23.590 15.240 7.6150 4.2040 2.2940 1.2020+            30002999
000001 000001Z u 1R +159E3  13420. 11370. 8866.0 5311.0 2436.0 1854.0 2066.0 665.00 682.70 277.80 205.20 122.20 62.730 33.310 23.700 15.220 7.4890 4.1910 2.3330 1.2020+            30003099000001 000001Z u 1R +159E3  13420. 11370. 8864.0 5306.0 2434.0 1856.0 2066.0 663.30 681.90 278.10 205.60 121.90 62.560 33.410 23.670 15.160 7.4890 4.1910 2.3720 1.2250+            30003199
000001 000001Z u 1R +159E3  13410. 11370. 8864.0 5307.0 2434.0 1855.0 2065.0 664.10 682.10 278.00 205.10 122.10 62.680 33.280 23.720 15.260 7.4890 4.1670 2.3520 1.2480+            30003299000001 000001HEADER 100125                         1.0  002.5   40.0   40.0  31.4     47           111                          00                                        03
000001 000001Z u 1R +408E2  3549.0 2975.0 2319.0 1399.0 605.70 456.20 567.60 159.40 186.20 67.480 54.540 32.600 16.060 8.6180 6.3060 3.8440 2.0060 1.0620 .63740 .28020+            30003495000001 000001Z u 1R +408E2  3549.0 2978.0 2315.0 1402.0 606.30 457.10 565.80 159.70 186.40 67.660 53.990 32.170 16.220 8.6300 6.0990 4.0030 1.9410 1.1330 .59990 .30350+            30003595
000001 000001Z u 1R +408E2  3551.0 2978.0 2316.0 1399.0 605.70 457.60 565.80 159.10 185.70 67.830 53.850 32.270 15.900 8.3810 6.1510 3.8250 1.8920 1.0650 .59720 .29720+            30003695000001 000001Z u 1R +408E2  3552.0 2978.0 2316.0 1402.0 606.30 456.70 566.50 159.40 186.00 67.660 54.400 32.270 16.060 8.5300 6.1510 3.8850 1.9300 1.1170 .62380 .26740+            30003795
000001 000001Z u 1R +408E2  3557.0 2976.0 2318.0 1404.0 607.40 457.10 566.10 159.70 186.00 67.660 54.130 32.490 16.060 8.5400 6.2030 3.8540 1.9670 1.1170 .57760 .26460+            30003895000001 000001X u 1R +230E1  409.40 499.30 239.30-98.000-210.30 10.210 175.30-64.550 63.540 1.4070 12.530 11.300 7.1900 4.8330 3.0830 1.8400 1.0180 .52140 .29520 .14670+            30003999
000001 000001X u 1R +230E1  406.30 498.10 240.20-98.230-212.10 9.9480 175.30-64.830 63.540 1.1610 12.340 11.550 7.1970 4.6550 3.0670 1.9470 .93610 .54460 .25370 .17270+            30004099000001 000001X u 1R +230E1  403.10 498.10 241.20-99.710-212.70 9.9060 175.30-65.680 62.650 1.3050 12.410 11.060 7.0510 4.6200 2.8460 1.9300 .88200 .49570 .20070 .14120+            30004199
000001 000001X u 1R +230E1  403.10 499.30 241.20-99.570-212.10 11.310 175.30-65.110 63.540 1.6690 12.390 11.250 7.2820 4.7090 2.8790 1.9300 .89610 .54800 .24430 .15100+            30004299000001 000001X u 1R +230E1  406.30 498.10 242.10-99.290-212.10 10.520 176.00-64.830 63.310 1.4780 12.180 11.500 7.3700 4.4640 3.0490 2.0120 .92730 .47320 .25500 .17230+            30004399
000001 000001Y u 1R -419E1 -1144.0-1017.0-736.70 8.4360 305.90-104.70-291.70 100.90-95.800 7.4230-6.6990-6.0840 .03101-.50500-.67580-.15260 .05019-.00272 .06384-.00518+            30004499000001 000001Y u 1R -419E1 -1149.0-1019.0-733.90 8.0620 304.10-105.60-291.00 100.60-96.680 7.8720-6.7730-5.9790-.25330-.08060-.73330-.28090 .04199 .00148 .02350 .05739+            30004599
000001 000001Y u 1R -419E1 -1147.0-1016.0-736.70 8.5510 305.90-104.70-290.60 100.90-96.020 7.6470-6.8040-6.2480-.10540-.40310-.83390-.15580 .02148 .01363 .01049 .05693+            30004699000001 000001Y u 1R -419E1 -1144.0-1017.0-733.90 8.6500 304.70-105.60-291.70 100.90-96.460 7.3640-6.7690-5.9620-.22670-.34620-.83800-.14130 .04325-.05322 .03358 .09083+            30004799
000001 000001Y u 1R -419E1 -1147.0-1019.0-734.80 9.4050 304.10-104.70-291.00 100.60-96.900 8.2970-7.2240-5.8510-.46570-.50170-.64810-.30420 .11890 .08808-.03922 .06105+            30004899000001 000002Z u 1R +411E2  3559.0 2976.0 2304.0 1388.0 601.60 462.20 566.90 158.10 187.00 67.740 54.060 32.330 16.180 8.4620 6.0990 3.9520 1.9060 1.0620 .56070 .29900+            30004994
000001 000002Z u 1R +411E2  3556.0 2976.0 2307.0 1388.0 602.70 463.60 566.50 158.10 186.80 68.010 54.060 32.490 16.140 8.4620 6.0990 3.9320 1.9060 1.0660 .59160 .30320+            30005094