Gatecenter time
							1.000000	3.190000	5.190000	7.190000	9.190000	11.190000	13.190000	15.190000	17.190000	19.190000	21.690000	25.190000	29.690000	35.190000	41.690000	49.690000	59.690000	72.190000	87.690000	107.190000	131.690000	161.690000	198.690000	244.690000	301.690000	372.690000	461.190000	570.690000	706.190000	874.690000	1084.190000	1343.690000	1665.690000	2065.690000	2562.190000	3178.190000	3942.690000	4891.690000	6069.190000	7530.190000	9343.690000	11594.690000	14388.190000	17855.190000	22157.690000	29539.690000	
Ch0: TIME	DeltaTime	Current	tempeture	Von	Voff	IMax	Imin	MomentID	Gate[0..x]
15:06:46_796	0	7.67	14.82	11.67	12.32	0	0	1	-9.556E-01	-1.321E+00	-1.335E+00	-1.337E+00	-1.335E+00	-1.338E+00	-1.335E+00	-1.335E+00	-1.340E+00	-1.333E+00	-6.536E-01	-2.260E-01	-5.923E-02	-5.430E-02	-2.007E-01	-1.245E-01	-1.297E-01	-1.045E-01	-1.003E-01	-8.106E-02	-7.058E-02	-5.970E-02	-4.872E-02	-3.955E-02	-3.275E-02	-2.641E-02	-2.127E-02	-1.731E-02	-1.399E-02	-1.111E-02	-8.745E-03	-6.828E-03	-5.143E-03	-3.686E-03	-2.511E-03	-1.342E-03	-1.124E-03	-1.028E-03	-8.987E-04	-6.377E-04	-1.067E-03	-1.763E-03	-8.863E-04	1.992E-04	5.951E-04	
15:06:46_796	0	7.66	15.12	11.65	12.3	0	0	1	5.275E-06	1.764E-02	1.766E-03	-3.527E-03	-1.762E-03	1.764E-03	5.291E-03	1.765E-03	-3.528E-03	-5.290E-03	3.844E-01	7.563E-01	8.304E-01	6.704E-01	2.576E-01	2.605E-01	1.552E-01	1.141E-01	6.455E-02	4.049E-02	2.515E-02	1.552E-02	1.078E-02	7.855E-03	4.614E-03	2.911E-03	1.583E-03	1.162E-03	6.310E-04	4.292E-04	2.594E-04	1.598E-04	1.764E-04	8.406E-05	8.848E-05	3.780E-05	1.694E-05	2.996E-05	1.757E-05	3.358E-05	8.555E-06	5.741E-06	9.238E-06	5.952E-06	6.002E-06	
15:06:46_796	0	7.66	15.43	11.64	12.29	0	0	1	-9.513E-01	-1.317E+00	-1.338E+00	-1.331E+00	-1.323E+00	-1.342E+00	-1.338E+00	-1.337E+00	-1.338E+00	-1.351E+00	-2.721E-01	5.296E-01	7.671E-01	6.123E-01	5.727E-02	1.378E-01	2.708E-02	9.569E-03	-3.585E-02	-3.854E-02	-4.472E-02	-4.228E-02	-3.747E-02	-3.126E-02	-2.741E-02	-2.296E-02	-1.896E-02	-1.530E-02	-1.235E-02	-9.644E-03	-7.512E-03	-5.582E-03	-4.230E-03	-3.466E-03	-2.599E-03	-2.209E-03	-1.836E-03	-1.270E-03	-1.024E-03	-1.303E-03	-1.938E-03	-1.174E-03	-6.020E-04	7.303E-04	1.473E-04	
15:06:46_796	0	7.66	15.61	11.64	12.29	0	0	1	8.576E-03	1.059E-02	1.411E-02	-5.291E-03	3.526E-03	-3.526E-03	-8.819E-03	3.527E-03	-1.763E-03	-5.289E-03	7.713E-01	1.508E+00	1.657E+00	1.339E+00	5.185E-01	5.179E-01	3.084E-01	2.262E-01	1.290E-01	8.249E-02	4.875E-02	3.067E-02	2.139E-02	1.513E-02	9.402E-03	5.380E-03	3.308E-03	2.109E-03	1.223E-03	8.577E-04	5.800E-04	3.590E-04	2.485E-04	2.260E-04	1.300E-04	1.132E-04	1.046E-04	6.800E-05	1.754E-05	1.414E-05	2.419E-05	1.261E-05	4.249E-05	1.340E-05	-1.197E-06	
15:06:46_796	0	7.66	15.73	11.64	12.29	0	0	1	-9.528E-01	-1.310E+00	-1.316E+00	-1.333E+00	-1.349E+00	-1.344E+00	-1.344E+00	-1.335E+00	-1.340E+00	-1.346E+00	1.137E-01	1.277E+00	1.597E+00	1.287E+00	3.169E-01	3.932E-01	1.822E-01	1.257E-01	3.047E-02	2.933E-03	-1.909E-02	-2.635E-02	-2.644E-02	-2.330E-02	-2.208E-02	-1.962E-02	-1.656E-02	-1.362E-02	-1.146E-02	-9.231E-03	-7.438E-03	-5.951E-03	-4.631E-03	-3.673E-03	-3.134E-03	-2.410E-03	-1.735E-03	-1.417E-03	-1.370E-03	-1.762E-03	-1.868E-03	-9.557E-04	-2.734E-04	6.760E-04	-1.241E-04	
15:07:46_944	60148	7.66	15.92	11.64	12.29	0	0	1	1.429E-02	5.299E-03	7.056E-03	-1.764E-03	-3.526E-03	3.527E-03	1.763E-03	-1.764E-03	-1.763E-03	1.764E-03	1.146E+00	2.261E+00	2.482E+00	2.010E+00	7.717E-01	7.753E-01	4.636E-01	3.409E-01	1.915E-01	1.248E-01	7.470E-02	4.721E-02	3.200E-02	2.303E-02	1.378E-02	7.705E-03	5.385E-03	3.150E-03	1.929E-03	1.363E-03	8.882E-04	5.882E-04	4.727E-04	4.002E-04	2.495E-04	1.761E-04	1.350E-04	1.278E-04	4.822E-05	4.946E-05	2.704E-05	1.834E-05	9.314E-07	2.233E-05	1.259E-05	
15:07:59_307	72511	7.65	15.98	11.64	12.29	0	0	1	5.580E-06	9.741E-06	1.991E-06	-9.149E-07	9.149E-07	-9.418E-07	-5.382E-08	3.767E-07	8.342E-07	1.319E-06	7.316E-04	1.435E-03	1.575E-03	1.275E-03	4.900E-04	4.935E-04	2.936E-04	2.161E-04	1.222E-04	7.871E-05	4.679E-05	2.965E-05	2.001E-05	1.426E-05	8.703E-06	4.936E-06	3.201E-06	1.963E-06	1.235E-06	8.353E-07	5.330E-07	3.859E-07	2.633E-07	1.910E-07	1.457E-07	1.003E-07	7.095E-08	5.141E-08	3.545E-08	2.404E-08	2.036E-08	1.534E-08	1.124E-08	9.491E-09	4.337E-09	
15:07:59_307	72511	7.65	16.04	11.64	12.29	0	0	1	-9.556E-01	-1.316E+00	-1.324E+00	-1.333E+00	-1.338E+00	-1.335E+00	-1.335E+00	-1.344E+00	-1.335E+00	-1.340E+00	-6.503E-01	-2.292E-01	-5.738E-02	-5.379E-02	-1.998E-01	-1.222E-01	-1.270E-01	-1.028E-01	-9.890E-02	-7.895E-02	-6.864E-02	-5.830E-02	-4.718E-02	-3.842E-02	-3.175E-02	-2.536E-02	-2.045E-02	-1.651E-02	-1.323E-02	-1.036E-02	-8.252E-03	-6.549E-03	-5.255E-03	-4.253E-03	-3.301E-03	-2.431E-03	-1.873E-03	-1.515E-03	-1.659E-03	-2.117E-03	-1.597E-03	-9.465E-04	-9.066E-05	5.673E-04	-2.722E-04	
15:07:59_307	72511	7.65	16.1	11.64	12.29	0	0	1	6.539E-06	1.776E-03	7.060E-03	1.764E-03	5.291E-03	1.058E-02	-1.764E-03	-1.764E-03	-1.076E-06	3.527E-03	3.844E-01	7.579E-01	8.254E-01	6.725E-01	2.589E-01	2.599E-01	1.557E-01	1.132E-01	6.300E-02	4.142E-02	2.450E-02	1.552E-02	1.021E-02	7.291E-03	4.569E-03	2.584E-03	1.729E-03	1.067E-03	6.692E-04	4.445E-04	2.964E-04	1.498E-04	2.085E-04	1.163E-04	1.041E-04	6.296E-05	2.369E-05	2.723E-05	2.224E-06	3.181E-05	1.565E-05	2.297E-06	9.243E-06	1.489E-05	-4.197E-06	
15:07:59_307	72511	7.65	16.16	11.63	12.28	0	0	1	-9.456E-01	-1.308E+00	-1.324E+00	-1.337E+00	-1.328E+00	-1.344E+00	-1.346E+00	-1.349E+00	-1.338E+00	-1.344E+00	-2.656E-01	5.210E-01	7.628E-01	6.148E-01	5.555E-02	1.332E-01	2.439E-02	8.101E-03	-3.534E-02	-4.039E-02	-4.601E-02	-4.395E-02	-3.818E-02	-3.216E-02	-2.869E-02	-2.427E-02	-2.037E-02	-1.691E-02	-1.398E-02	-1.139E-02	-9.213E-03	-7.515E-03	-5.960E-03	-4.866E-03	-3.779E-03	-2.691E-03	-1.728E-03	-7.156E-04	-1.124E-04	-4.365E-04	-3.430E-04	-7.036E-04	-1.398E-03	-5.467E-04	6.988E-04	
15:07:59_307	72511	7.64	16.22	11.63	12.28	0	0	1	7.150E-03	5.301E-03	1.588E-02	7.054E-03	1.058E-02	1.763E-03	1.076E-07	1.058E-02	1.076E-06	7.054E-03	7.626E-01	1.514E+00	1.654E+00	1.338E+00	5.177E-01	5.176E-01	3.092E-01	2.271E-01	1.300E-01	8.329E-02	4.917E-02	3.146E-02	2.097E-02	1.496E-02	9.494E-03	5.308E-03	3.601E-03	2.085E-03	1.299E-03	9.189E-04	6.170E-04	3.590E-04	2.966E-04	2.131E-04	1.924E-04	1.006E-04	9.789E-05	1.169E-04	8.110E-05	4.416E-05	2.561E-05	-4.561E-06	-1.292E-05	3.721E-06	1.679E-05	
15:07:59_307	72511	7.64	16.35	11.63	12.29	0	0	1	-9.570E-01	-1.298E+00	-1.317E+00	-1.335E+00	-1.338E+00	-1.335E+00	-1.338E+00	-1.346E+00	-1.337E+00	-1.344E+00	1.137E-01	1.277E+00	1.593E+00	1.280E+00	3.122E-01	3.922E-01	1.793E-01	1.203E-01	2.755E-02	1.349E-03	-2.113E-02	-2.872E-02	-2.791E-02	-2.471E-02	-2.367E-02	-2.147E-02	-1.832E-02	-1.561E-02	-1.314E-02	-1.085E-02	-8.942E-03	-7.136E-03	-5.487E-03	-4.286E-03	-3.083E-03	-2.071E-03	-1.067E-03	-4.928E-04	-6.139E-04	-6.042E-04	-5.249E-04	-1.325E-03	-1.064E-03	-3.482E-04	6.634E-04	
15:08:59_455	132659	7.62	16.41	11.63	12.28	0	0	1	1.429E-02	2.823E-02	5.296E-03	7.055E-03	5.289E-03	7.054E-03	-8.817E-03	-1.764E-03	-3.527E-03	1.762E-03	1.152E+00	2.258E+00	2.474E+00	2.002E+00	7.713E-01	7.763E-01	4.620E-01	3.411E-01	1.924E-01	1.253E-01	7.406E-02	4.660E-02	3.179E-02	2.235E-02	1.332E-02	7.995E-03	5.122E-03	3.293E-03	1.929E-03	1.393E-03	9.006E-04	5.583E-04	4.968E-04	3.163E-04	2.392E-04	1.425E-04	1.485E-04	1.115E-04	6.795E-05	9.184E-05	2.134E-05	-2.176E-05	-7.384E-06	2.983E-06	1.859E-05	
15:09:11_819	145023	7.63	16.16	11.65	12.3	0	0	1	-9.542E-01	-1.316E+00	-1.330E+00	-1.331E+00	-1.335E+00	-1.344E+00	-1.340E+00	-1.333E+00	-1.335E+00	-1.337E+00	-6.536E-01	-2.300E-01	-6.171E-02	-5.278E-02	-2.037E-01	-1.239E-01	-1.278E-01	-1.039E-01	-9.908E-02	-8.027E-02	-6.929E-02	-5.874E-02	-4.802E-02	-3.910E-02	-3.193E-02	-2.583E-02	-2.078E-02	-1.672E-02	-1.337E-02	-1.055E-02	-8.153E-03	-6.200E-03	-4.454E-03	-3.202E-03	-2.657E-03	-2.050E-03	-1.819E-03	-1.360E-03	-9.995E-04	-1.035E-03	-1.739E-03	-1.315E-03	-7.266E-04	5.964E-04	2.450E-04	
15:09:11_819	145023	7.62	16.28	11.64	12.29	0	0	1	1.435E-03	1.059E-02	5.295E-03	5.291E-03	5.382E-08	1.764E-03	-3.526E-03	1.763E-03	-8.816E-03	6.189E-07	3.822E-01	7.492E-01	8.260E-01	6.689E-01	2.571E-01	2.602E-01	1.552E-01	1.136E-01	6.386E-02	4.234E-02	2.450E-02	1.552E-02	1.007E-02	7.686E-03	4.523E-03	2.584E-03	1.758E-03	9.726E-04	6.502E-04	5.211E-04	3.211E-04	2.196E-04	1.684E-04	9.697E-05	5.728E-05	5.876E-05	3.381E-05	3.268E-05	1.101E-05	1.416E-05	9.967E-06	5.742E-06	1.292E-05	3.727E-06	3.010E-06	
15:09:11_819	145023	7.61	16.41	11.64	12.29	0	0	1	-9.442E-01	-1.310E+00	-1.328E+00	-1.342E+00	-1.342E+00	-1.340E+00	-1.351E+00	-1.340E+00	-1.335E+00	-1.333E+00	-2.688E-01	5.217E-01	7.615E-01	6.103E-01	5.296E-02	1.325E-01	2.278E-02	7.262E-03	-3.705E-02	-4.052E-02	-4.590E-02	-4.412E-02	-3.881E-02	-3.272E-02	-2.874E-02	-2.445E-02	-2.072E-02	-1.741E-02	-1.436E-02	-1.186E-02	-9.916E-03	-8.451E-03	-7.177E-03	-5.692E-03	-4.589E-03	-3.571E-03	-2.558E-03	-2.156E-03	-1.718E-03	-8.619E-04	3.152E-04	1.498E-04	-8.329E-05	-1.133E-03	-4.424E-04	
15:09:11_819	145023	7.61	16.53	11.64	12.29	0	0	1	1.429E-02	1.941E-02	3.533E-03	8.818E-03	-5.289E-03	-1.411E-02	-7.055E-03	8.819E-03	1.058E-02	1.234E-02	7.746E-01	1.499E+00	1.643E+00	1.331E+00	5.134E-01	5.169E-01	3.098E-01	2.264E-01	1.281E-01	8.302E-02	4.896E-02	3.075E-02	2.125E-02	1.474E-02	9.311E-03	5.271E-03	3.426E-03	1.990E-03	1.318E-03	8.424E-04	6.047E-04	4.487E-04	3.126E-04	1.357E-04	1.248E-04	7.551E-05	1.114E-04	2.450E-05	3.508E-05	3.711E-05	3.983E-05	2.523E-05	1.866E-06	-7.412E-07	-4.802E-06	
15:09:11_819	145023	7.62	16.59	11.64	12.29	0	0	1	-9.485E-01	-1.310E+00	-1.321E+00	-1.335E+00	-1.330E+00	-1.335E+00	-1.337E+00	-1.333E+00	-1.331E+00	-1.346E+00	1.192E-01	1.269E+00	1.584E+00	1.276E+00	3.122E-01	3.922E-01	1.801E-01	1.238E-01	2.720E-02	2.273E-03	-2.005E-02	-2.793E-02	-2.665E-02	-2.353E-02	-2.267E-02	-2.042E-02	-1.712E-02	-1.497E-02	-1.237E-02	-1.001E-02	-8.153E-03	-6.579E-03	-5.047E-03	-3.989E-03	-3.077E-03	-2.406E-03	-1.910E-03	-1.955E-03	-2.171E-03	-2.175E-03	-1.209E-03	-8.835E-04	4.576E-04	3.181E-04	-6.521E-04	
15:10:11_967	205171	7.61	16.59	11.64	12.29	0	0	1	5.720E-03	1.412E-02	5.296E-03	5.292E-03	1.235E-02	7.055E-03	-7.054E-03	-1.234E-02	7.054E-03	-3.527E-03	1.140E+00	2.250E+00	2.472E+00	1.999E+00	7.687E-01	7.733E-01	4.625E-01	3.380E-01	1.934E-01	1.238E-01	7.428E-02	4.599E-02	3.158E-02	2.320E-02	1.410E-02	7.850E-03	4.946E-03	3.198E-03	1.910E-03	1.286E-03	9.499E-04	7.277E-04	4.968E-04	3.615E-04	2.496E-04	2.096E-04	1.890E-04	7.888E-05	7.453E-05	6.005E-05	4.268E-05	6.074E-05	3.878E-05	-2.752E-05	-4.617E-05	
15:10:24_330	217534	7.61	16.65	11.64	12.29	0	0	1	6.539E-06	1.211E-05	5.462E-06	8.342E-07	2.153E-07	-1.157E-06	-6.458E-07	5.651E-07	-3.229E-07	4.844E-07	7.246E-04	1.425E-03	1.568E-03	1.267E-03	4.872E-04	4.902E-04	2.921E-04	2.157E-04	1.215E-04	7.828E-05	4.669E-05	2.956E-05	2.002E-05	1.426E-05	8.732E-06	4.965E-06	3.237E-06	2.003E-06	1.251E-06	8.372E-07	5.584E-07	3.880E-07	2.687E-07	1.927E-07	1.433E-07	1.072E-07	8.058E-08	5.771E-08	4.140E-08	3.131E-08	2.704E-08	1.925E-08	5.665E-09	-8.401E-10	3.907E-09	
15:10:24_330	217534	7.6	16.71	11.63	12.28	0	0	1	-9.556E-01	-1.317E+00	-1.330E+00	-1.337E+00	-1.338E+00	-1.342E+00	-1.338E+00	-1.337E+00	-1.340E+00	-1.342E+00	-6.547E-01	-2.355E-01	-6.481E-02	-5.787E-02	-2.059E-01	-1.278E-01	-1.313E-01	-1.053E-01	-1.018E-01	-8.225E-02	-7.165E-02	-6.084E-02	-4.992E-02	-4.062E-02	-3.375E-02	-2.750E-02	-2.247E-02	-1.857E-02	-1.506E-02	-1.228E-02	-1.001E-02	-7.993E-03	-6.344E-03	-4.982E-03	-3.981E-03	-3.323E-03	-2.682E-03	-2.042E-03	-1.072E-03	8.313E-06	8.917E-05	-1.802E-04	-6.648E-04	-1.031E-03	-1.148E-05	
15:10:24_330	217534	7.6	16.77	11.63	12.29	0	0	1	4.293E-03	-1.751E-03	1.769E-03	5.292E-03	7.804E-07	-1.058E-02	7.054E-03	3.527E-03	-8.816E-03	-5.291E-03	3.855E-01	7.492E-01	8.236E-01	6.653E-01	2.571E-01	2.579E-01	1.546E-01	1.120E-01	6.421E-02	4.142E-02	2.440E-02	1.570E-02	1.021E-02	7.799E-03	4.569E-03	2.402E-03	1.758E-03	1.067E-03	6.692E-04	4.293E-04	3.334E-04	2.096E-04	1.364E-04	7.762E-05	4.171E-05	3.782E-05	3.382E-05	3.269E-05	2.853E-05	1.063E-05	1.281E-05	8.029E-06	1.477E-05	1.117E-05	-1.679E-05	
15:10:24_330	217534	7.6	16.83	11.63	12.28	0	0	1	-9.485E-01	-1.296E+00	-1.330E+00	-1.317E+00	-1.338E+00	-1.331E+00	-1.342E+00	-1.337E+00	-1.340E+00	-1.338E+00	-2.688E-01	5.162E-01	7.591E-01	6.087E-01	5.209E-02	1.325E-01	2.331E-02	6.632E-03	-3.602E-02	-3.999E-02	-4.623E-02	-4.430E-02	-3.846E-02	-3.239E-02	-2.823E-02	-2.438E-02	-2.013E-02	-1.679E-02	-1.384E-02	-1.137E-02	-9.188E-03	-7.465E-03	-6.040E-03	-4.841E-03	-3.597E-03	-2.574E-03	-1.566E-03	-5.689E-04	-3.051E-04	-5.707E-04	-3.601E-04	-8.950E-04	-1.303E-03	-5.259E-04	6.646E-04	
15:10:24_330	217534	7.59	16.83	11.64	12.29	0	0	1	-1.420E-03	7.066E-03	8.823E-03	-1.763E-03	-8.817E-03	-5.290E-03	-1.763E-03	5.291E-03	1.764E-03	1.762E-03	7.604E-01	1.497E+00	1.644E+00	1.330E+00	5.108E-01	5.139E-01	3.068E-01	2.266E-01	1.291E-01	8.210E-02	4.832E-02	3.075E-02	2.104E-02	1.513E-02	9.265E-03	5.380E-03	3.133E-03	1.990E-03	1.318E-03	9.648E-04	6.293E-04	4.487E-04	2.405E-04	2.325E-04	1.768E-04	8.389E-05	1.215E-04	8.706E-05	5.044E-05	3.710E-05	1.993E-05	1.375E-05	1.385E-05	1.637E-05	-2.393E-06	
15:10:24_330	217534	7.6	16.89	11.64	12.29	0	0	1	-9.413E-01	-1.305E+00	-1.316E+00	-1.340E+00	-1.330E+00	-1.335E+00	-1.342E+00	-1.330E+00	-1.333E+00	-1.346E+00	1.050E-01	1.262E+00	1.577E+00	1.270E+00	3.053E-01	3.873E-01	1.744E-01	1.196E-01	2.634E-02	1.349E-03	-2.188E-02	-2.924E-02	-2.848E-02	-2.533E-02	-2.408E-02	-2.202E-02	-1.882E-02	-1.584E-02	-1.346E-02	-1.113E-02	-9.016E-03	-7.266E-03	-5.720E-03	-4.789E-03	-3.914E-03	-3.122E-03	-2.554E-03	-1.661E-03	-6.994E-04	1.513E-04	-1.539E-04	-1.481E-04	-1.008E-03	-9.067E-04	2.246E-04	
15:11:24_478	277682	7.6	16.89	11.64	12.29	0	0	1	1.143E-02	2.646E-02	7.058E-03	1.764E-03	3.528E-03	1.058E-02	1.211E-06	7.053E-03	1.411E-02	-3.528E-03	1.150E+00	2.246E+00	2.465E+00	1.994E+00	7.683E-01	7.703E-01	4.636E-01	3.388E-01	1.908E-01	1.238E-01	7.492E-02	4.730E-02	3.179E-02	2.263E-02	1.373E-02	7.850E-03	5.210E-03	3.293E-03	1.891E-03	1.301E-03	8.265E-04	5.782E-04	4.086E-04	3.486E-04	2.392E-04	1.342E-04	1.553E-04	9.519E-05	6.357E-05	7.066E-05	6.259E-05	2.299E-06	7.395E-06	-2.228E-06	1.499E-05	
15:11:36_841	290045	7.61	16.53	11.65	12.3	0	0	1	-9.542E-01	-1.319E+00	-1.328E+00	-1.337E+00	-1.333E+00	-1.338E+00	-1.342E+00	-1.346E+00	-1.335E+00	-1.338E+00	-6.601E-01	-2.339E-01	-6.233E-02	-5.736E-02	-2.033E-01	-1.262E-01	-1.302E-01	-1.053E-01	-1.008E-01	-8.106E-02	-7.122E-02	-6.023E-02	-4.957E-02	-4.023E-02	-3.307E-02	-2.718E-02	-2.221E-02	-1.809E-02	-1.462E-02	-1.177E-02	-9.398E-03	-7.644E-03	-6.256E-03	-5.092E-03	-4.163E-03	-3.277E-03	-2.497E-03	-1.488E-03	-4.650E-04	1.742E-04	-2.478E-04	-2.397E-04	-1.250E-03	-8.197E-04	4.050E-04	
15:11:36_841	290045	7.6	16.65	11.64	12.29	0	0	1	4.292E-03	1.775E-03	-3.522E-03	5.292E-03	-1.762E-03	5.291E-03	-5.290E-03	-5.291E-03	-1.764E-03	-1.763E-03	3.800E-01	7.508E-01	8.205E-01	6.669E-01	2.576E-01	2.599E-01	1.544E-01	1.134E-01	6.386E-02	4.155E-02	2.472E-02	1.526E-02	1.071E-02	7.517E-03	4.660E-03	2.838E-03	1.641E-03	1.115E-03	6.310E-04	3.833E-04	2.964E-04	2.395E-04	1.684E-04	1.228E-04	8.327E-05	5.038E-05	4.056E-05	2.996E-05	1.319E-05	1.415E-05	-2.825E-06	1.033E-05	9.300E-07	9.671E-06	6.598E-06	
15:11:36_841	290045	7.6	16.77	11.64	12.29	0	0	1	-9.570E-01	-1.310E+00	-1.323E+00	-1.328E+00	-1.338E+00	-1.330E+00	-1.347E+00	-1.340E+00	-1.340E+00	-1.347E+00	-2.754E-01	5.107E-01	7.572E-01	6.103E-01	5.425E-02	1.322E-01	2.358E-02	7.051E-03	-3.637E-02	-3.973E-02	-4.526E-02	-4.438E-02	-3.832E-02	-3.199E-02	-2.833E-02	-2.387E-02	-1.969E-02	-1.639E-02	-1.333E-02	-1.075E-02	-8.535E-03	-6.549E-03	-5.015E-03	-3.666E-03	-2.501E-03	-1.434E-03	-1.134E-03	-1.088E-03	-8.921E-04	-5.795E-04	-1.054E-03	-1.699E-03	-8.641E-04	1.404E-04	5.531E-04	
15:11:36_841	290045	7.6	16.83	11.64	12.29	0	0	1	6.844E-06	1.765E-02	8.823E-03	-7.052E-03	-1.587E-02	-3.527E-03	-7.055E-03	-1.765E-03	1.763E-03	8.817E-03	7.593E-01	1.497E+00	1.645E+00	1.329E+00	5.121E-01	5.186E-01	3.082E-01	2.262E-01	1.276E-01	8.223E-02	4.875E-02	3.110E-02	2.118E-02	1.496E-02	9.493E-03	5.271E-03	3.455E-03	2.085E-03	1.414E-03	7.505E-04	4.813E-04	4.288E-04	2.245E-04	1.744E-04	1.716E-04	1.006E-04	8.102E-05	5.169E-05	3.508E-05	5.308E-06	1.707E-05	1.376E-05	-7.381E-06	1.192E-05	1.797E-06	
15:11:36_841	290045	7.6	16.89	11.64	12.29	0	0	1	-9.356E-01	-1.316E+00	-1.316E+00	-1.331E+00	-1.351E+00	-1.344E+00	-1.331E+00	-1.347E+00	-1.346E+00	-1.326E+00	1.072E-01	1.264E+00	1.581E+00	1.266E+00	3.066E-01	3.916E-01	1.763E-01	1.215E-01	2.634E-02	9.520E-04	-2.145E-02	-2.837E-02	-2.714E-02	-2.500E-02	-2.340E-02	-2.166E-02	-1.803E-02	-1.544E-02	-1.275E-02	-1.038E-02	-8.387E-03	-6.608E-03	-5.007E-03	-3.744E-03	-2.521E-03	-1.409E-03	-9.218E-04	-8.488E-04	-8.571E-04	-5.389E-04	-8.619E-04	-1.677E-03	-9.131E-04	-1.577E-05	6.311E-04	
15:12:36_989	350193	7.61	16.96	11.63	12.29	0	0	1	1.143E-02	1.412E-02	8.822E-03	-5.290E-03	-1.058E-02	-7.055E-03	1.762E-03	1.235E-02	8.818E-03	-3.527E-03	1.145E+00	2.250E+00	2.469E+00	1.992E+00	7.696E-01	7.763E-01	4.614E-01	3.398E-01	1.927E-01	1.241E-01	7.331E-02	4.686E-02	3.137E-02	2.286E-02	1.360E-02	7.850E-03	5.210E-03	3.151E-03	2.215E-03	1.439E-03	7.772E-04	6.779E-04	4.086E-04	3.034E-04	2.080E-04	1.216E-04	1.552E-04	8.975E-05	8.548E-05	3.533E-05	6.259E-05	1.605E-05	2.494E-05	2.530E-05	7.199E-06	
15:12:49_353	362557	7.61	16.96	11.63	12.28	0	0	1	6.997E-06	1.125E-05	4.440E-06	-1.615E-07	5.382E-07	-1.345E-07	-5.382E-07	8.880E-07	5.113E-07	5.920E-07	7.268E-04	1.427E-03	1.567E-03	1.266E-03	4.868E-04	4.916E-04	2.921E-04	2.152E-04	1.217E-04	7.849E-05	4.668E-05	2.957E-05	2.000E-05	1.430E-05	8.722E-06	4.913E-06	3.237E-06	2.001E-06	1.250E-06	8.192E-07	5.394E-07	3.778E-07	2.657E-07	1.991E-07	1.347E-07	1.017E-07	8.182E-08	6.585E-08	4.454E-08	3.107E-08	2.628E-08	1.932E-08	1.074E-08	3.690E-09	6.532E-09	
15:12:49_353	362557	7.6	17.02	11.63	12.29	0	0	1	-9.570E-01	-1.316E+00	-1.330E+00	-1.338E+00	-1.340E+00	-1.338E+00	-1.340E+00	-1.337E+00	-1.338E+00	-1.338E+00	-6.547E-01	-2.355E-01	-6.172E-02	-5.583E-02	-2.046E-01	-1.245E-01	-1.289E-01	-1.051E-01	-1.006E-01	-8.080E-02	-7.015E-02	-5.953E-02	-4.886E-02	-3.944E-02	-3.243E-02	-2.627E-02	-2.124E-02	-1.722E-02	-1.377E-02	-1.081E-02	-8.486E-03	-6.509E-03	-4.943E-03	-3.518E-03	-2.215E-03	-1.786E-03	-1.445E-03	-1.346E-03	-9.075E-04	-7.878E-04	-1.344E-03	-1.610E-03	-7.977E-04	3.955E-04	3.888E-04	
15:12:49_353	362557	7.61	17.02	11.63	12.29	0	0	1	8.576E-03	7.065E-03	3.532E-03	-5.288E-03	-3.525E-03	-1.763E-03	1.765E-03	-1.763E-03	1.765E-03	5.291E-03	3.822E-01	7.500E-01	8.267E-01	6.669E-01	2.597E-01	2.589E-01	1.546E-01	1.128E-01	6.352E-02	4.129E-02	2.418E-02	1.579E-02	1.063E-02	7.517E-03	4.477E-03	2.547E-03	1.700E-03	1.020E-03	6.501E-04	4.139E-04	2.841E-04	2.196E-04	1.684E-04	1.486E-04	4.689E-05	2.942E-05	1.694E-05	-5.388E-06	2.195E-05	2.122E-05	1.440E-06	1.376E-05	2.032E-05	2.981E-06	-1.192E-06	
15:12:49_353	362557	7.62	17.02	11.63	12.28	0	0	1	-9.542E-01	-1.308E+00	-1.337E+00	-1.342E+00	-1.342E+00	-1.344E+00	-1.330E+00	-1.338E+00	-1.335E+00	-1.337E+00	-2.678E-01	5.186E-01	7.628E-01	6.103E-01	5.511E-02	1.332E-01	2.600E-02	1.062E-02	-3.499E-02	-3.867E-02	-4.483E-02	-4.246E-02	-3.726E-02	-3.126E-02	-2.700E-02	-2.293E-02	-1.882E-02	-1.544E-02	-1.247E-02	-1.006E-02	-8.042E-03	-6.409E-03	-5.111E-03	-4.170E-03	-3.145E-03	-2.372E-03	-1.812E-03	-1.512E-03	-1.749E-03	-2.191E-03	-1.576E-03	-9.591E-04	-1.038E-05	5.688E-04	-3.249E-04	
15:12:49_353	362557	7.62	17.02	11.63	12.28	0	0	1	8.577E-03	8.828E-03	1.235E-02	-5.290E-03	8.817E-03	-1.411E-02	-5.291E-03	-7.055E-03	-3.529E-03	7.052E-03	7.691E-01	1.504E+00	1.650E+00	1.331E+00	5.108E-01	5.156E-01	3.076E-01	2.264E-01	1.274E-01	8.315E-02	4.928E-02	3.119E-02	2.111E-02	1.513E-02	9.311E-03	5.053E-03	3.221E-03	2.156E-03	1.204E-03	8.577E-04	5.676E-04	3.989E-04	3.206E-04	1.808E-04	1.716E-04	6.294E-05	6.079E-05	3.538E-05	2.193E-05	4.416E-05	2.419E-05	2.751E-05	9.245E-06	4.469E-06	4.198E-06	
15:12:49_353	362557	7.62	17.08	11.63	12.28	0	0	1	-9.428E-01	-1.307E+00	-1.324E+00	-1.338E+00	-1.335E+00	-1.338E+00	-1.333E+00	-1.331E+00	-1.346E+00	-1.333E+00	1.115E-01	1.268E+00	1.587E+00	1.277E+00	3.105E-01	3.942E-01	1.782E-01	1.209E-01	3.012E-02	2.009E-03	-1.952E-02	-2.696E-02	-2.644E-02	-2.342E-02	-2.231E-02	-2.071E-02	-1.729E-02	-1.442E-02	-1.174E-02	-9.491E-03	-7.265E-03	-5.463E-03	-4.158E-03	-3.273E-03	-2.553E-03	-2.138E-03	-1.792E-03	-1.221E-03	-9.579E-04	-1.211E-03	-1.897E-03	-1.181E-03	-6.657E-04	6.841E-04	1.725E-04	
15:13:49_501	422705	7.62	17.08	11.63	12.28	0	0	1	2.857E-02	1.773E-03	5.295E-03	-1.764E-03	1.023E-06	1.763E-02	8.817E-03	1.411E-02	-3.527E-03	5.292E-03	1.155E+00	2.248E+00	2.463E+00	2.002E+00	7.696E-01	7.753E-01	4.646E-01	3.386E-01	1.937E-01	1.248E-01	7.406E-02	4.756E-02	3.158E-02	2.292E-02	1.392E-02	8.250E-03	4.859E-03	3.174E-03	2.024E-03	1.393E-03	9.375E-04	6.878E-04	3.766E-04	3.551E-04	2.859E-04	1.970E-04	1.384E-04	8.704E-05	5.043E-05	3.534E-05	-2.834E-06	5.735E-06	-1.846E-06	1.117E-05	1.140E-05	
15:06:46_796	0	0.99	14.82	12.26	12.3	0	0	2	-2.309E-01	-6.251E-02	2.827E-02	-1.785E-02	-7.135E-02	-1.156E-01	-1.571E-01	-2.000E-01	-2.425E-01	-2.780E-01	-1.753E-01	-1.227E-01	-7.839E-02	-6.803E-02	-7.728E-02	-5.129E-02	-4.712E-02	-3.581E-02	-3.110E-02	-2.429E-02	-2.006E-02	-1.676E-02	-1.348E-02	-1.084E-02	-8.933E-03	-7.087E-03	-5.799E-03	-4.694E-03	-3.799E-03	
15:06:46_796	0	0.99	15.12	12.25	12.29	0	0	2	2.091E-02	3.857E-01	4.975E-01	4.400E-01	3.690E-01	3.133E-01	2.557E-01	1.940E-01	1.410E-01	9.766E-02	5.925E-02	4.845E-02	6.041E-02	4.542E-02	1.330E-02	1.879E-02	8.576E-03	8.002E-03	3.863E-03	2.280E-03	1.151E-03	5.051E-04	1.306E-04	1.776E-06	-1.771E-04	-2.737E-04	-4.186E-04	-4.314E-04	-4.273E-04	
15:06:46_796	0	0.99	15.37	12.25	12.29	0	0	2	-2.172E-01	1.266E-01	2.775E-01	1.997E-01	1.150E-01	4.090E-02	-3.137E-02	-1.027E-01	-1.727E-01	-2.321E-01	-1.452E-01	-9.912E-02	-4.845E-02	-4.739E-02	-7.042E-02	-4.240E-02	-4.355E-02	-3.171E-02	-2.958E-02	-2.312E-02	-1.981E-02	-1.658E-02	-1.344E-02	-1.093E-02	-8.874E-03	-7.144E-03	-5.807E-03	-4.768E-03	-3.878E-03	
15:06:46_796	0	0.99	15.49	12.24	12.29	0	0	2	2.909E-02	5.790E-01	7.450E-01	6.566E-01	5.517E-01	4.670E-01	3.824E-01	2.926E-01	2.130E-01	1.445E-01	8.621E-02	7.207E-02	8.971E-02	6.738E-02	1.892E-02	2.880E-02	1.320E-02	1.259E-02	5.966E-03	3.931E-03	2.352E-03	1.349E-03	6.248E-04	4.425E-04	1.673E-04	1.005E-05	-8.341E-05	-1.909E-04	-1.987E-04	
15:07:46_944	60148	0.99	15.61	12.24	12.28	0	0	2	7.654E-05	1.404E-03	1.815E-03	1.600E-03	1.344E-03	1.138E-03	9.347E-04	7.167E-04	5.124E-04	3.431E-04	2.160E-04	1.751E-04	2.177E-04	1.641E-04	4.607E-05	7.105E-05	3.317E-05	3.055E-05	1.532E-05	9.889E-06	5.802E-06	3.667E-06	2.514E-06	1.835E-06	1.092E-06	5.979E-07	3.853E-07	2.433E-07	1.451E-07	
15:07:46_944	60148	0.99	15.73	12.24	12.28	0	0	2	-2.402E-01	-2.599E-01	-2.205E-01	-2.377E-01	-2.554E-01	-2.699E-01	-2.857E-01	-2.997E-01	-3.122E-01	-3.257E-01	-2.048E-01	-1.468E-01	-1.088E-01	-9.105E-02	-8.346E-02	-6.138E-02	-5.181E-02	-4.006E-02	-3.342E-02	-2.597E-02	-2.126E-02	-1.747E-02	-1.405E-02	-1.124E-02	-9.147E-03	-7.295E-03	-5.883E-03	-4.786E-03	-3.843E-03	
15:07:59_307	72511	0.99	15.8	12.24	12.28	0	0	2	1.198E-02	1.910E-01	2.492E-01	2.205E-01	1.854E-01	1.549E-01	1.285E-01	9.803E-02	7.028E-02	4.625E-02	3.115E-02	2.380E-02	2.999E-02	2.239E-02	6.112E-03	9.732E-03	4.514E-03	3.852E-03	2.163E-03	1.455E-03	6.761E-04	5.052E-04	2.221E-04	2.075E-04	1.317E-04	5.835E-07	4.611E-05	2.490E-05	3.494E-05	
15:07:59_307	72511	0.99	15.92	12.24	12.28	0	0	2	-2.317E-01	-6.435E-02	2.780E-02	-2.107E-02	-7.273E-02	-1.147E-01	-1.558E-01	-2.000E-01	-2.429E-01	-2.771E-01	-1.767E-01	-1.215E-01	-7.871E-02	-6.737E-02	-7.694E-02	-5.103E-02	-4.726E-02	-3.586E-02	-3.128E-02	-2.449E-02	-2.048E-02	-1.697E-02	-1.364E-02	-1.101E-02	-9.100E-03	-7.305E-03	-5.952E-03	-4.903E-03	-4.032E-03	
15:07:59_307	72511	0.99	15.92	12.24	12.28	0	0	2	2.165E-02	3.829E-01	4.989E-01	4.395E-01	3.718E-01	3.137E-01	2.598E-01	1.949E-01	1.410E-01	9.261E-02	5.812E-02	4.906E-02	5.945E-02	4.502E-02	1.308E-02	1.931E-02	8.926E-03	8.930E-03	3.908E-03	2.796E-03	1.486E-03	9.611E-04	7.714E-04	5.600E-04	3.336E-04	2.654E-04	1.679E-04	2.468E-04	1.741E-04	
15:07:59_307	72511	0.99	16.04	12.24	12.28	0	0	2	-2.209E-01	1.230E-01	2.757E-01	1.974E-01	1.118E-01	3.676E-02	-2.908E-02	-1.055E-01	-1.732E-01	-2.270E-01	-1.452E-01	-9.891E-02	-4.910E-02	-4.540E-02	-7.020E-02	-4.163E-02	-4.249E-02	-3.149E-02	-2.931E-02	-2.329E-02	-1.975E-02	-1.644E-02	-1.337E-02	-1.086E-02	-8.957E-03	-7.220E-03	-5.959E-03	-4.817E-03	-3.978E-03	
15:07:59_307	72511	0.99	16.1	12.24	12.28	0	0	2	3.504E-02	5.803E-01	7.431E-01	6.580E-01	5.494E-01	4.693E-01	3.819E-01	2.940E-01	2.135E-01	1.422E-01	8.934E-02	7.289E-02	8.954E-02	6.619E-02	1.892E-02	2.914E-02	1.320E-02	1.231E-02	6.279E-03	3.965E-03	1.989E-03	1.371E-03	7.896E-04	6.629E-04	2.267E-04	1.709E-04	7.982E-06	1.875E-05	-5.455E-05	
15:08:59_455	132659	0.99	16.16	12.24	12.28	0	0	2	7.634E-05	1.403E-03	1.813E-03	1.599E-03	1.343E-03	1.138E-03	9.336E-04	7.164E-04	5.127E-04	3.428E-04	2.154E-04	1.751E-04	2.177E-04	1.639E-04	4.591E-05	7.090E-05	3.318E-05	3.059E-05	1.534E-05	9.867E-06	5.721E-06	3.677E-06	2.505E-06	1.806E-06	1.079E-06	5.727E-07	3.606E-07	1.893E-07	9.317E-08	
15:08:59_455	132659	0.99	16.22	12.24	12.28	0	0	2	-2.402E-01	-2.572E-01	-2.196E-01	-2.377E-01	-2.563E-01	-2.721E-01	-2.838E-01	-2.997E-01	-3.136E-01	-3.253E-01	-2.048E-01	-1.468E-01	-1.093E-01	-9.039E-02	-8.390E-02	-6.173E-02	-5.202E-02	-4.001E-02	-3.351E-02	-2.597E-02	-2.149E-02	-1.744E-02	-1.421E-02	-1.130E-02	-9.230E-03	-7.418E-03	-5.990E-03	-4.860E-03	-3.918E-03	
15:09:11_819	145023	0.99	15.98	12.25	12.29	0	0	2	-2.283E-01	-6.527E-02	2.413E-02	-1.832E-02	-7.319E-02	-1.165E-01	-1.581E-01	-2.023E-01	-2.448E-01	-2.775E-01	-1.756E-01	-1.227E-01	-7.887E-02	-6.763E-02	-7.773E-02	-5.181E-02	-4.740E-02	-3.531E-02	-3.128E-02	-2.466E-02	-2.045E-02	-1.683E-02	-1.361E-02	-1.098E-02	-8.874E-03	-7.087E-03	-5.708E-03	-4.589E-03	-3.699E-03	
15:09:11_819	145023	0.99	16.16	12.24	12.29	0	0	2	1.867E-02	3.857E-01	4.971E-01	4.390E-01	3.695E-01	3.128E-01	2.584E-01	1.958E-01	1.401E-01	9.398E-02	5.982E-02	4.804E-02	6.106E-02	4.502E-02	1.319E-02	1.991E-02	9.836E-03	9.421E-03	4.937E-03	3.346E-03	2.045E-03	1.257E-03	1.119E-03	9.125E-04	7.017E-04	5.870E-04	5.793E-04	5.304E-04	4.574E-04	
15:09:11_819	145023	0.99	16.28	12.24	12.29	0	0	2	-2.190E-01	1.275E-01	2.729E-01	1.983E-01	1.095E-01	4.135E-02	-2.724E-02	-1.046E-01	-1.732E-01	-2.344E-01	-1.461E-01	-9.891E-02	-4.990E-02	-4.567E-02	-7.020E-02	-4.189E-02	-4.271E-02	-3.133E-02	-2.962E-02	-2.336E-02	-1.967E-02	-1.621E-02	-1.329E-02	-1.060E-02	-8.874E-03	-7.257E-03	-5.914E-03	-4.835E-03	-4.003E-03	
15:09:11_819	145023	0.99	16.35	12.24	12.28	0	0	2	2.946E-02	5.721E-01	7.427E-01	6.557E-01	5.558E-01	4.675E-01	3.847E-01	2.940E-01	2.117E-01	1.445E-01	8.792E-02	7.248E-02	8.954E-02	6.738E-02	1.903E-02	3.009E-02	1.362E-02	1.302E-02	6.100E-03	3.931E-03	2.157E-03	1.257E-03	7.164E-04	5.453E-04	2.741E-04	2.938E-04	1.299E-04	6.802E-05	-2.477E-05	
15:10:11_967	205171	0.99	16.41	12.24	12.28	0	0	2	7.553E-05	1.403E-03	1.814E-03	1.599E-03	1.342E-03	1.138E-03	9.338E-04	7.159E-04	5.120E-04	3.434E-04	2.155E-04	1.751E-04	2.175E-04	1.640E-04	4.595E-05	7.091E-05	3.315E-05	3.058E-05	1.530E-05	9.885E-06	5.754E-06	3.713E-06	2.507E-06	1.808E-06	1.100E-06	5.839E-07	3.686E-07	2.229E-07	1.412E-07	
15:10:11_967	205171	0.99	16.47	12.24	12.28	0	0	2	-2.399E-01	-2.572E-01	-2.182E-01	-2.368E-01	-2.545E-01	-2.703E-01	-2.843E-01	-2.992E-01	-3.136E-01	-3.253E-01	-2.051E-01	-1.462E-01	-1.086E-01	-9.012E-02	-8.312E-02	-6.147E-02	-5.146E-02	-3.963E-02	-3.311E-02	-2.566E-02	-2.084E-02	-1.703E-02	-1.368E-02	-1.086E-02	-8.803E-03	-6.917E-03	-5.525E-03	-4.367E-03	-3.426E-03	
15:10:24_330	217534	0.99	16.53	12.24	12.28	0	0	2	9.747E-03	1.938E-01	2.520E-01	2.182E-01	1.845E-01	1.577E-01	1.290E-01	9.619E-02	7.028E-02	4.808E-02	2.888E-02	2.503E-02	2.983E-02	2.279E-02	6.786E-03	1.016E-02	4.935E-03	4.453E-03	2.163E-03	1.661E-03	8.997E-04	5.508E-04	4.601E-04	3.691E-04	1.911E-04	1.993E-04	1.147E-04	8.040E-05	4.986E-05	
15:10:24_330	217534	0.99	16.59	12.24	12.28	0	0	2	-2.298E-01	-6.665E-02	2.413E-02	-2.107E-02	-7.228E-02	-1.156E-01	-1.576E-01	-2.051E-01	-2.429E-01	-2.780E-01	-1.756E-01	-1.236E-01	-7.936E-02	-6.750E-02	-7.761E-02	-5.172E-02	-4.747E-02	-3.564E-02	-3.145E-02	-2.446E-02	-2.056E-02	-1.701E-02	-1.364E-02	-1.104E-02	-9.123E-03	-7.295E-03	-5.906E-03	-4.835E-03	-3.923E-03	
15:10:24_330	217534	0.99	16.59	12.24	12.28	0	0	2	2.016E-02	3.861E-01	4.962E-01	4.413E-01	3.704E-01	3.100E-01	2.557E-01	1.990E-01	1.428E-01	9.582E-02	6.067E-02	4.845E-02	6.041E-02	4.449E-02	1.274E-02	1.983E-02	9.066E-03	8.329E-03	3.863E-03	2.417E-03	1.542E-03	9.155E-04	5.151E-04	4.719E-04	1.673E-04	6.676E-05	6.129E-05	5.568E-05	1.095E-04	
15:10:24_330	217534	0.99	16.65	12.24	12.28	0	0	2	-2.175E-01	1.285E-01	2.738E-01	2.025E-01	1.127E-01	4.089E-02	-3.137E-02	-1.041E-01	-1.791E-01	-2.325E-01	-1.478E-01	-9.891E-02	-5.071E-02	-4.567E-02	-7.031E-02	-4.223E-02	-4.299E-02	-3.177E-02	-2.931E-02	-2.329E-02	-1.953E-02	-1.626E-02	-1.333E-02	-1.058E-02	-8.743E-03	-6.964E-03	-5.655E-03	-4.626E-03	-3.615E-03	
15:10:24_330	217534	0.99	16.65	12.24	12.28	0	0	2	3.169E-02	5.790E-01	7.445E-01	6.598E-01	5.485E-01	4.652E-01	3.833E-01	2.954E-01	2.126E-01	1.454E-01	9.104E-02	7.104E-02	9.003E-02	6.778E-02	1.813E-02	2.975E-02	1.383E-02	1.292E-02	6.458E-03	4.240E-03	2.324E-03	1.691E-03	1.101E-03	9.714E-04	4.048E-04	2.560E-04	2.213E-04	1.544E-04	2.499E-05	
15:11:24_478	277682	0.99	16.71	12.24	12.28	0	0	2	7.525E-05	1.403E-03	1.815E-03	1.599E-03	1.342E-03	1.137E-03	9.328E-04	7.164E-04	5.128E-04	3.431E-04	2.157E-04	1.753E-04	2.174E-04	1.638E-04	4.585E-05	7.088E-05	3.323E-05	3.055E-05	1.531E-05	9.932E-06	5.697E-06	3.649E-06	2.529E-06	1.806E-06	1.078E-06	5.855E-07	3.722E-07	2.111E-07	1.256E-07	
15:11:24_478	277682	0.99	16.59	12.24	12.28	0	0	2	-2.395E-01	-2.581E-01	-2.201E-01	-2.386E-01	-2.559E-01	-2.699E-01	-2.834E-01	-2.997E-01	-3.122E-01	-3.248E-01	-2.051E-01	-1.464E-01	-1.085E-01	-9.052E-02	-8.278E-02	-6.130E-02	-5.160E-02	-3.941E-02	-3.329E-02	-2.573E-02	-2.104E-02	-1.708E-02	-1.373E-02	-1.096E-02	-8.838E-03	-7.030E-03	-5.685E-03	-4.570E-03	-3.665E-03	
15:11:36_841	290045	0.99	16.41	12.25	12.29	0	0	2	-2.294E-01	-6.619E-02	3.010E-02	-2.015E-02	-7.411E-02	-1.133E-01	-1.548E-01	-2.033E-01	-2.448E-01	-2.771E-01	-1.753E-01	-1.223E-01	-7.952E-02	-6.829E-02	-7.672E-02	-5.215E-02	-4.740E-02	-3.597E-02	-3.150E-02	-2.456E-02	-2.076E-02	-1.699E-02	-1.375E-02	-1.109E-02	-9.016E-03	-7.286E-03	-5.853E-03	-4.650E-03	-3.759E-03	
15:11:36_841	290045	0.99	16.53	12.24	12.29	0	0	2	1.644E-02	3.838E-01	4.966E-01	4.395E-01	3.676E-01	3.114E-01	2.589E-01	1.976E-01	1.405E-01	9.536E-02	6.209E-02	4.701E-02	5.977E-02	4.515E-02	1.285E-02	1.983E-02	9.626E-03	9.094E-03	4.624E-03	3.071E-03	1.877E-03	1.486E-03	1.028E-03	6.628E-04	5.949E-04	4.357E-04	4.193E-04	3.331E-04	2.785E-04	
15:11:36_841	290045	0.99	16.65	12.24	12.29	0	0	2	-2.213E-01	1.275E-01	2.761E-01	2.020E-01	1.090E-01	3.722E-02	-2.954E-02	-1.032E-01	-1.709E-01	-2.280E-01	-1.452E-01	-9.871E-02	-4.845E-02	-4.540E-02	-7.031E-02	-4.180E-02	-4.235E-02	-3.122E-02	-2.908E-02	-2.274E-02	-1.945E-02	-1.635E-02	-1.326E-02	-1.067E-02	-8.743E-03	-7.068E-03	-5.738E-03	-4.687E-03	-3.784E-03	
15:11:36_841	290045	0.99	16.71	12.24	12.28	0	0	2	2.834E-02	5.794E-01	7.454E-01	6.557E-01	5.531E-01	4.679E-01	3.847E-01	2.982E-01	2.135E-01	1.463E-01	8.707E-02	7.084E-02	9.051E-02	6.711E-02	1.903E-02	2.931E-02	1.383E-02	1.253E-02	6.413E-03	3.896E-03	2.436E-03	1.554E-03	1.192E-03	6.922E-04	3.454E-04	2.370E-04	9.176E-05	3.103E-05	1.504E-05	
15:12:36_989	350193	0.99	16.77	12.24	12.28	0	0	2	7.566E-05	1.404E-03	1.814E-03	1.600E-03	1.343E-03	1.137E-03	9.341E-04	7.161E-04	5.124E-04	3.431E-04	2.155E-04	1.750E-04	2.175E-04	1.641E-04	4.593E-05	7.079E-05	3.315E-05	3.051E-05	1.537E-05	9.928E-06	5.779E-06	3.697E-06	2.486E-06	1.844E-06	1.106E-06	6.034E-07	4.062E-07	2.465E-07	1.637E-07	
15:12:36_989	350193	0.99	16.77	12.24	12.28	0	0	2	-2.395E-01	-2.581E-01	-2.196E-01	-2.368E-01	-2.540E-01	-2.712E-01	-2.834E-01	-2.992E-01	-3.127E-01	-3.244E-01	-2.057E-01	-1.468E-01	-1.085E-01	-9.039E-02	-8.346E-02	-6.138E-02	-5.167E-02	-3.968E-02	-3.324E-02	-2.576E-02	-2.104E-02	-1.715E-02	-1.377E-02	-1.107E-02	-8.957E-03	-7.134E-03	-5.700E-03	-4.669E-03	-3.769E-03	
15:12:49_353	362557	0.99	16.77	12.24	12.28	0	0	2	9.746E-03	1.928E-01	2.515E-01	2.205E-01	1.859E-01	1.586E-01	1.281E-01	1.008E-01	7.028E-02	4.808E-02	3.115E-02	2.483E-02	3.015E-02	2.305E-02	6.224E-03	9.905E-03	5.215E-03	4.562E-03	2.566E-03	1.695E-03	1.067E-03	7.332E-04	5.700E-04	4.278E-04	3.455E-04	2.276E-04	1.375E-04	3.719E-05	6.971E-05	
15:12:49_353	362557	0.99	16.77	12.24	12.28	0	0	2	-2.276E-01	-6.848E-02	2.597E-02	-1.923E-02	-6.998E-02	-1.152E-01	-1.562E-01	-2.014E-01	-2.443E-01	-2.780E-01	-1.753E-01	-1.242E-01	-7.968E-02	-6.790E-02	-7.761E-02	-5.198E-02	-4.691E-02	-3.575E-02	-3.159E-02	-2.477E-02	-2.062E-02	-1.699E-02	-1.379E-02	-1.111E-02	-9.147E-03	-7.343E-03	-5.914E-03	-4.761E-03	-3.799E-03	
15:12:49_353	362557	0.99	16.83	12.24	12.28	0	0	2	2.016E-02	3.866E-01	4.975E-01	4.381E-01	3.658E-01	3.091E-01	2.571E-01	1.990E-01	1.396E-01	9.490E-02	5.925E-02	4.701E-02	5.816E-02	4.475E-02	1.195E-02	1.957E-02	8.716E-03	8.275E-03	3.863E-03	1.970E-03	1.347E-03	5.735E-04	4.053E-04	1.928E-04	-2.263E-05	-1.602E-04	-2.586E-04	-2.587E-04	-1.887E-04	
15:12:49_353	362557	0.99	16.83	12.24	12.28	0	0	2	-2.190E-01	1.234E-01	2.757E-01	1.974E-01	1.109E-01	3.952E-02	-3.091E-02	-1.037E-01	-1.736E-01	-2.280E-01	-1.466E-01	-9.974E-02	-4.894E-02	-4.527E-02	-7.020E-02	-4.232E-02	-4.263E-02	-3.182E-02	-2.944E-02	-2.322E-02	-1.984E-02	-1.642E-02	-1.342E-02	-1.086E-02	-8.850E-03	-7.172E-03	-5.906E-03	-4.835E-03	-3.923E-03	
15:12:49_353	362557	0.99	16.83	12.24	12.28	0	0	2	3.169E-02	5.753E-01	7.436E-01	6.561E-01	5.512E-01	4.684E-01	3.828E-01	2.977E-01	2.080E-01	1.454E-01	9.076E-02	7.186E-02	8.826E-02	6.738E-02	1.881E-02	2.975E-02	1.327E-02	1.297E-02	6.190E-03	3.621E-03	2.073E-03	1.166E-03	8.080E-04	5.012E-04	2.505E-04	-5.621E-05	-9.103E-05	-2.032E-04	-2.186E-04	
15:13:49_501	422705	0.99	16.89	12.24	12.28	0	0	2	7.510E-05	1.403E-03	1.814E-03	1.600E-03	1.343E-03	1.137E-03	9.335E-04	7.162E-04	5.126E-04	3.442E-04	2.156E-04	1.750E-04	2.176E-04	1.638E-04	4.601E-05	7.094E-05	3.310E-05	3.063E-05	1.535E-05	9.897E-06	5.752E-06	3.702E-06	2.545E-06	1.888E-06	1.116E-06	6.053E-07	4.200E-07	2.581E-07	1.638E-07	
15:13:49_501	422705	0.99	16.89	12.24	12.28	0	0	2	-2.399E-01	-2.586E-01	-2.196E-01	-2.386E-01	-2.554E-01	-2.717E-01	-2.847E-01	-2.992E-01	-3.141E-01	-3.248E-01	-2.062E-01	-1.472E-01	-1.090E-01	-9.079E-02	-8.312E-02	-6.130E-02	-5.153E-02	-3.979E-02	-3.324E-02	-2.583E-02	-2.090E-02	-1.715E-02	-1.379E-02	-1.105E-02	-8.921E-03	-7.106E-03	-5.685E-03	-4.546E-03	-3.645E-03	
15:06:46_796	0	0	14.45	12.36	12.36	-0.04	0	3	6.321E-07	-1.184E-06	2.153E-07	8.342E-07	8.073E-07	2.691E-07	-4.305E-07	2.960E-07	6.727E-07	2.691E-08	6.655E-08	-5.178E-07	1.698E-07	6.981E-08	1.185E-07	3.692E-07	6.157E-08	1.056E-07	1.416E-07	1.411E-08	-3.275E-09	5.345E-09	-3.863E-08	-6.717E-08	2.019E-08	9.980E-09	-1.384E-08	-1.771E-08	2.622E-09	2.803E-09	1.110E-08	-2.281E-09	3.667E-10	4.826E-09	-1.269E-09	1.343E-09	-4.789E-09	2.738E-09	6.688E-10	-1.752E-09	6.945E-10	-6.820E-10	1.339E-09	-4.541E-11	9.149E-10	
15:09:11_819	145023	0	16.1	12.33	12.33	-0.04	0	3	-5.885E-07	-6.996E-07	-3.767E-07	-3.498E-07	5.382E-08	-8.073E-08	9.418E-07	-3.229E-07	-2.153E-07	-5.651E-07	5.823E-07	1.686E-07	-7.548E-08	-1.784E-07	1.383E-07	-1.163E-07	-2.586E-07	-4.801E-08	6.295E-08	2.460E-07	1.638E-08	-2.539E-08	-9.658E-09	-1.808E-08	-1.740E-08	5.545E-10	-6.252E-09	5.421E-09	1.049E-08	-1.121E-08	-8.281E-09	-7.604E-10	-1.467E-09	-6.599E-09	1.507E-09	4.477E-09	5.149E-11	-5.477E-09	-7.189E-09	-7.977E-09	-1.975E-09	1.871E-09	5.340E-09	-3.451E-09	-5.489E-11	
15:11:36_841	290045	0	16.41	12.33	12.33	-0.04	0	3	3.051E-07	1.345E-07	4.036E-07	-1.884E-07	-7.265E-07	-1.426E-06	6.996E-07	-5.382E-08	2.960E-07	6.458E-07	1.664E-08	3.010E-07	1.321E-07	-5.430E-08	-1.251E-07	-1.416E-07	1.601E-07	2.240E-07	1.102E-07	8.065E-09	-3.603E-08	-3.875E-08	1.395E-08	-1.464E-08	2.088E-09	1.885E-08	-3.126E-09	-1.012E-08	-1.253E-08	-5.840E-09	-4.329E-09	-3.498E-09	1.589E-09	-1.970E-09	-2.855E-09	0.000E+00	3.862E-09	-2.199E-09	3.344E-11	2.183E-09	2.778E-09	-5.316E-09	1.747E-09	1.567E-09	-2.434E-09	
15:06:46_796	0	0	14.33	12.36	12.36	-0.04	0	4	-1.116E-03	-9.190E-04	4.592E-03	-4.598E-04	-4.588E-04	-4.593E-04	4.598E-04	-4.588E-04	9.180E-04	4.593E-04	1.136E-03	1.028E-03	1.610E-04	2.648E-04	6.742E-04	6.041E-04	2.800E-04	3.278E-04	2.685E-04	3.096E-04	2.235E-04	1.596E-04	2.380E-04	1.322E-04	1.544E-04	1.041E-04	1.219E-04	8.016E-05	4.970E-05	
15:09:11_819	145023	0	15.92	12.34	12.34	-0.04	0	4	-1.116E-03	4.598E-04	9.187E-04	-9.179E-04	4.592E-04	1.378E-03	9.188E-04	8.409E-08	-1.378E-03	4.591E-04	2.842E-04	6.166E-04	3.223E-04	-6.617E-04	-3.372E-04	-2.589E-04	-2.100E-04	-3.822E-04	-3.132E-04	-1.375E-04	-2.235E-04	-3.648E-04	-2.930E-04	-3.085E-04	-2.613E-04	-2.270E-04	-2.057E-04	-1.788E-04	-1.541E-04	
15:11:36_841	290045	0	16.35	12.33	12.33	-0.04	0	4	-1.488E-03	9.187E-04	-1.378E-03	4.588E-04	1.837E-03	-9.181E-04	-1.837E-03	1.378E-03	-9.184E-04	9.180E-04	1.987E-03	-2.055E-04	1.990E-07	-2.646E-04	-1.124E-04	5.180E-04	-3.503E-04	2.185E-04	-8.956E-05	5.933E-08	2.236E-04	4.567E-05	-1.826E-05	-7.345E-05	1.188E-05	6.625E-05	3.046E-05	6.150E-06	2.981E-05	
Ch1: TIME	DeltaTime	Current	tempeture	Von	Voff	IMax	Imin	MomentID	Gate[0..x]
15:06:46_796	0	7.67	14.82	11.67	12.32	0	0	1	-2.407E-02	-3.262E-02	-3.302E-02	-3.324E-02	-3.324E-02	-3.324E-02	-3.329E-02	-3.324E-02	-3.315E-02	-3.320E-02	-1.530E-01	-3.094E-01	-3.492E-01	-2.786E-01	-1.065E-01	-1.120E-01	-6.583E-02	-4.994E-02	-2.904E-02	-1.902E-02	-1.187E-02	-7.825E-03	-5.544E-03	-4.120E-03	-2.769E-03	-1.812E-03	-1.339E-03	-1.066E-03	-7.986E-04	-6.551E-04	-6.421E-04	-6.813E-04	-7.885E-04	-9.367E-04	-1.100E-03	-1.367E-03	-1.020E-03	-6.707E-04	-4.423E-04	-3.822E-04	1.863E-04	9.105E-04	3.462E-04	-4.081E-04	-4.912E-04	
15:06:46_796	0	7.66	15.12	11.65	12.3	0	0	1	-3.564E-05	1.137E-07	-3.086E-04	-2.646E-04	8.818E-05	8.815E-05	-8.819E-05	-8.820E-05	4.408E-05	1.766E-04	-2.594E-01	-5.854E-01	-6.714E-01	-5.327E-01	-1.947E-01	-2.116E-01	-1.205E-01	-9.155E-02	-5.138E-02	-3.303E-02	-1.962E-02	-1.252E-02	-8.515E-03	-6.083E-03	-3.755E-03	-2.121E-03	-1.346E-03	-8.329E-04	-5.342E-04	-3.409E-04	-2.453E-04	-1.383E-04	-1.190E-04	-6.679E-05	-4.780E-05	-3.990E-05	-2.385E-05	-1.853E-05	-8.084E-06	-8.942E-06	-6.312E-06	-2.100E-06	-4.208E-06	-4.483E-06	-1.881E-08	
15:06:46_796	0	7.66	15.43	11.64	12.29	0	0	1	-2.410E-02	-3.280E-02	-3.311E-02	-3.298E-02	-3.315E-02	-3.355E-02	-3.320E-02	-3.329E-02	-3.333E-02	-3.333E-02	-4.109E-01	-8.923E-01	-1.020E+00	-8.086E-01	-2.997E-01	-3.221E-01	-1.868E-01	-1.416E-01	-8.105E-02	-5.249E-02	-3.217E-02	-2.111E-02	-1.472E-02	-1.087E-02	-7.106E-03	-4.631E-03	-3.382E-03	-2.591E-03	-2.005E-03	-1.792E-03	-1.679E-03	-1.688E-03	-1.471E-03	-1.152E-03	-9.668E-04	-6.816E-04	-4.607E-04	-4.866E-04	-3.379E-04	1.489E-04	8.674E-04	4.248E-04	1.296E-04	-6.095E-04	-2.540E-04	
15:06:46_796	0	7.66	15.61	11.64	12.29	0	0	1	-3.565E-05	1.323E-04	-4.410E-05	-4.410E-05	-2.645E-04	-4.412E-05	4.409E-04	-4.409E-05	8.073E-09	8.865E-05	-5.178E-01	-1.166E+00	-1.342E+00	-1.065E+00	-3.873E-01	-4.197E-01	-2.406E-01	-1.828E-01	-1.020E-01	-6.578E-02	-3.919E-02	-2.498E-02	-1.692E-02	-1.210E-02	-7.401E-03	-4.160E-03	-2.736E-03	-1.690E-03	-1.045E-03	-6.811E-04	-4.334E-04	-3.272E-04	-2.073E-04	-1.568E-04	-1.136E-04	-9.616E-05	-5.902E-05	-5.368E-05	-4.550E-05	-2.510E-05	-9.081E-06	-1.090E-05	-6.794E-06	-5.677E-13	-4.741E-06	
15:06:46_796	0	7.66	15.73	11.64	12.29	0	0	1	-2.403E-02	-3.298E-02	-3.315E-02	-3.307E-02	-3.373E-02	-3.280E-02	-3.333E-02	-3.280E-02	-3.337E-02	-3.320E-02	-6.669E-01	-1.473E+00	-1.690E+00	-1.341E+00	-4.944E-01	-5.326E-01	-3.065E-01	-2.341E-01	-1.319E-01	-8.593E-02	-5.210E-02	-3.385E-02	-2.368E-02	-1.741E-02	-1.131E-02	-7.212E-03	-5.230E-03	-3.862E-03	-2.825E-03	-2.127E-03	-1.686E-03	-1.389E-03	-1.184E-03	-9.136E-04	-5.908E-04	-5.033E-04	-5.365E-04	-3.971E-04	-7.837E-05	5.304E-04	8.193E-04	2.540E-04	-1.434E-04	-6.095E-04	-5.893E-05	
15:07:46_944	60148	7.66	15.92	11.64	12.29	0	0	1	5.340E-08	-1.763E-04	8.821E-05	3.527E-04	-4.409E-05	-1.323E-04	3.968E-04	-2.645E-04	-4.406E-05	-1.316E-04	-7.711E-01	-1.747E+00	-2.010E+00	-1.594E+00	-5.807E-01	-6.300E-01	-3.600E-01	-2.743E-01	-1.528E-01	-9.858E-02	-5.898E-02	-3.727E-02	-2.531E-02	-1.825E-02	-1.098E-02	-6.229E-03	-4.152E-03	-2.547E-03	-1.622E-03	-1.016E-03	-7.118E-04	-4.349E-04	-3.287E-04	-2.430E-04	-1.618E-04	-1.204E-04	-9.293E-05	-6.027E-05	-4.928E-05	-2.430E-05	-1.004E-05	-1.930E-05	-3.932E-06	5.960E-12	-5.205E-06	
15:07:59_307	72511	7.65	15.98	11.64	12.29	0	0	1	6.648E-08	7.064E-08	2.691E-08	-1.211E-08	-7.400E-09	1.480E-08	0.000E+00	-1.547E-08	1.345E-09	-6.054E-09	-4.905E-04	-1.110E-03	-1.276E-03	-1.012E-03	-3.679E-04	-4.005E-04	-2.284E-04	-1.738E-04	-9.726E-05	-6.264E-05	-3.727E-05	-2.368E-05	-1.608E-05	-1.152E-05	-7.037E-06	-3.984E-06	-2.595E-06	-1.597E-06	-9.994E-07	-6.505E-07	-4.367E-07	-3.014E-07	-2.112E-07	-1.492E-07	-1.089E-07	-7.776E-08	-5.382E-08	-3.797E-08	-2.688E-08	-1.741E-08	-1.344E-08	-1.187E-08	-8.482E-09	-1.646E-11	-4.051E-09	
15:07:59_307	72511	7.65	16.04	11.64	12.29	0	0	1	-2.403E-02	-3.276E-02	-3.293E-02	-3.315E-02	-3.315E-02	-3.329E-02	-3.329E-02	-3.320E-02	-3.324E-02	-3.329E-02	-1.522E-01	-3.086E-01	-3.504E-01	-2.785E-01	-1.069E-01	-1.129E-01	-6.658E-02	-5.114E-02	-3.005E-02	-2.005E-02	-1.284E-02	-8.935E-03	-6.606E-03	-5.061E-03	-3.656E-03	-2.621E-03	-2.095E-03	-1.715E-03	-1.422E-03	-1.247E-03	-1.055E-03	-8.941E-04	-6.593E-04	-4.899E-04	-4.593E-04	-5.011E-04	-4.300E-04	-2.877E-04	1.673E-04	8.042E-04	5.869E-04	2.453E-04	-2.994E-04	-6.095E-04	7.324E-05	
15:07:59_307	72511	7.65	16.1	11.64	12.29	0	0	1	-3.564E-05	-4.400E-05	-1.323E-04	4.403E-05	-1.323E-04	-2.204E-04	-4.409E-05	-2.489E-08	4.406E-05	-4.387E-05	-2.592E-01	-5.836E-01	-6.706E-01	-5.318E-01	-1.936E-01	-2.107E-01	-1.200E-01	-9.136E-02	-5.110E-02	-3.292E-02	-1.964E-02	-1.252E-02	-8.452E-03	-6.118E-03	-3.676E-03	-2.096E-03	-1.404E-03	-8.637E-04	-5.389E-04	-3.531E-04	-2.372E-04	-1.588E-04	-1.266E-04	-9.245E-05	-6.729E-05	-4.420E-05	-2.520E-05	-1.819E-05	-1.257E-05	-1.371E-05	-5.021E-06	-3.413E-06	-9.083E-06	-5.257E-06	-1.473E-08	
15:07:59_307	72511	7.65	16.16	11.63	12.28	0	0	1	-2.421E-02	-3.276E-02	-3.324E-02	-3.324E-02	-3.320E-02	-3.337E-02	-3.320E-02	-3.329E-02	-3.324E-02	-3.342E-02	-4.088E-01	-8.892E-01	-1.017E+00	-8.073E-01	-2.985E-01	-3.217E-01	-1.856E-01	-1.404E-01	-7.967E-02	-5.125E-02	-3.092E-02	-1.990E-02	-1.364E-02	-9.802E-03	-6.060E-03	-3.540E-03	-2.256E-03	-1.380E-03	-8.091E-04	-4.828E-04	-2.388E-04	-1.034E-04	-1.091E-04	-1.580E-05	-7.313E-05	-2.917E-04	-5.529E-04	-9.346E-04	-1.081E-03	-5.407E-04	-3.927E-04	8.097E-05	7.565E-04	2.004E-04	-4.912E-04	
15:07:59_307	72511	7.64	16.22	11.63	12.28	0	0	1	1.072E-04	4.413E-05	1.323E-04	-6.660E-08	-4.409E-05	-4.408E-05	1.323E-04	1.278E-08	-8.817E-05	2.650E-04	-5.151E-01	-1.166E+00	-1.339E+00	-1.062E+00	-3.870E-01	-4.195E-01	-2.397E-01	-1.824E-01	-1.019E-01	-6.551E-02	-3.915E-02	-2.477E-02	-1.669E-02	-1.189E-02	-7.321E-03	-4.111E-03	-2.698E-03	-1.601E-03	-9.814E-04	-6.681E-04	-4.457E-04	-2.821E-04	-2.057E-04	-1.357E-04	-1.096E-04	-8.557E-05	-7.640E-05	-6.231E-05	-4.885E-05	-3.693E-05	-1.459E-05	1.412E-05	-3.396E-09	-9.008E-06	-1.850E-10	
15:07:59_307	72511	7.64	16.35	11.63	12.29	0	0	1	-2.439E-02	-3.276E-02	-3.307E-02	-3.333E-02	-3.302E-02	-3.337E-02	-3.315E-02	-3.289E-02	-3.329E-02	-3.333E-02	-6.670E-01	-1.471E+00	-1.685E+00	-1.337E+00	-4.899E-01	-5.314E-01	-3.045E-01	-2.312E-01	-1.302E-01	-8.437E-02	-5.021E-02	-3.249E-02	-2.206E-02	-1.576E-02	-9.868E-03	-5.604E-03	-3.648E-03	-2.238E-03	-1.398E-03	-8.613E-04	-5.376E-04	-4.231E-04	-4.746E-04	-4.821E-04	-6.030E-04	-7.926E-04	-1.087E-03	-1.113E-03	-6.405E-04	-4.044E-04	-2.503E-04	5.589E-04	4.839E-04	1.622E-05	-4.912E-04	
15:08:59_455	132659	7.62	16.41	11.63	12.28	0	0	1	2.500E-04	-1.763E-04	-4.408E-05	-4.850E-04	-2.645E-04	-1.763E-04	-4.411E-05	-1.763E-04	-1.764E-04	1.330E-04	-7.706E-01	-1.744E+00	-2.004E+00	-1.589E+00	-5.777E-01	-6.286E-01	-3.587E-01	-2.730E-01	-1.521E-01	-9.827E-02	-5.830E-02	-3.685E-02	-2.521E-02	-1.797E-02	-1.085E-02	-6.167E-03	-4.021E-03	-2.445E-03	-1.514E-03	-9.608E-04	-6.039E-04	-3.855E-04	-2.960E-04	-2.330E-04	-1.641E-04	-1.197E-04	-9.909E-05	-5.979E-05	-4.923E-05	-5.031E-05	-2.095E-05	1.796E-06	-2.937E-06	8.799E-12	-1.054E-05	
15:09:11_819	145023	7.63	16.16	11.65	12.3	0	0	1	-2.407E-02	-3.276E-02	-3.315E-02	-3.320E-02	-3.307E-02	-3.302E-02	-3.315E-02	-3.329E-02	-3.324E-02	-3.324E-02	-1.527E-01	-3.084E-01	-3.488E-01	-2.773E-01	-1.061E-01	-1.125E-01	-6.580E-02	-5.013E-02	-2.946E-02	-1.938E-02	-1.223E-02	-8.363E-03	-6.054E-03	-4.605E-03	-3.240E-03	-2.269E-03	-1.740E-03	-1.497E-03	-1.319E-03	-1.183E-03	-1.167E-03	-1.179E-03	-1.305E-03	-1.347E-03	-9.859E-04	-7.989E-04	-4.679E-04	-4.092E-04	-3.893E-04	-7.799E-05	7.069E-04	5.311E-04	2.116E-04	-6.095E-04	-3.455E-04	
15:09:11_819	145023	7.62	16.28	11.64	12.29	0	0	1	3.574E-05	1.764E-04	4.410E-05	1.322E-04	-8.816E-05	-2.422E-08	1.322E-04	-1.764E-04	1.764E-04	-8.796E-05	-2.579E-01	-5.818E-01	-6.685E-01	-5.299E-01	-1.929E-01	-2.098E-01	-1.193E-01	-9.123E-02	-5.078E-02	-3.275E-02	-1.953E-02	-1.233E-02	-8.378E-03	-5.937E-03	-3.668E-03	-2.057E-03	-1.347E-03	-8.056E-04	-5.003E-04	-3.121E-04	-2.289E-04	-1.500E-04	-1.101E-04	-7.146E-05	-6.962E-05	-5.257E-05	-3.389E-05	-2.697E-05	-8.916E-06	-8.015E-06	-1.121E-05	1.600E-06	3.698E-09	-4.806E-06	-2.197E-08	
15:09:11_819	145023	7.61	16.41	11.64	12.29	0	0	1	-2.375E-02	-3.267E-02	-3.289E-02	-3.302E-02	-3.298E-02	-3.320E-02	-3.355E-02	-3.324E-02	-3.333E-02	-3.293E-02	-4.101E-01	-8.865E-01	-1.013E+00	-8.040E-01	-2.959E-01	-3.207E-01	-1.839E-01	-1.397E-01	-7.902E-02	-5.112E-02	-3.069E-02	-1.975E-02	-1.334E-02	-9.734E-03	-5.712E-03	-3.098E-03	-1.962E-03	-1.070E-03	-4.081E-04	-3.680E-06	3.221E-04	6.145E-04	8.642E-04	6.532E-04	5.442E-04	3.658E-04	1.002E-04	2.237E-04	2.011E-04	-2.014E-04	-9.406E-04	-6.135E-04	-2.957E-04	6.095E-04	1.914E-04	
15:09:11_819	145023	7.61	16.53	11.64	12.29	0	0	1	1.786E-04	1.764E-04	-1.322E-04	-8.821E-05	-2.825E-08	8.817E-05	1.323E-04	-8.817E-05	1.764E-04	1.768E-04	-5.102E-01	-1.160E+00	-1.334E+00	-1.057E+00	-3.847E-01	-4.189E-01	-2.388E-01	-1.820E-01	-1.016E-01	-6.526E-02	-3.876E-02	-2.459E-02	-1.673E-02	-1.189E-02	-7.289E-03	-4.133E-03	-2.628E-03	-1.616E-03	-1.015E-03	-6.600E-04	-4.463E-04	-2.853E-04	-2.015E-04	-1.310E-04	-9.249E-05	-6.430E-05	-5.286E-05	-3.667E-05	-3.602E-05	-2.254E-05	-1.925E-05	-2.088E-05	-3.523E-13	2.436E-06	-1.259E-08	
15:09:11_819	145023	7.62	16.59	11.64	12.29	0	0	1	-2.407E-02	-3.276E-02	-3.315E-02	-3.333E-02	-3.337E-02	-3.307E-02	-3.324E-02	-3.320E-02	-3.324E-02	-3.351E-02	-6.646E-01	-1.466E+00	-1.682E+00	-1.332E+00	-4.893E-01	-5.316E-01	-3.036E-01	-2.315E-01	-1.312E-01	-8.485E-02	-5.127E-02	-3.312E-02	-2.293E-02	-1.674E-02	-1.051E-02	-6.376E-03	-4.493E-03	-2.955E-03	-2.044E-03	-1.505E-03	-1.094E-03	-8.572E-04	-8.011E-04	-7.017E-04	-6.350E-04	-5.041E-04	-3.862E-04	6.657E-05	5.862E-04	8.387E-04	2.685E-04	1.952E-04	-7.295E-04	-5.138E-04	3.676E-04	
15:10:11_967	205171	7.61	16.59	11.64	12.29	0	0	1	2.500E-04	-2.204E-04	3.364E-08	8.813E-05	-4.410E-05	2.645E-04	1.763E-04	1.764E-04	8.815E-05	6.983E-07	-7.693E-01	-1.738E+00	-2.001E+00	-1.583E+00	-5.743E-01	-6.276E-01	-3.574E-01	-2.714E-01	-1.525E-01	-9.763E-02	-5.812E-02	-3.686E-02	-2.508E-02	-1.789E-02	-1.084E-02	-6.178E-03	-4.023E-03	-2.428E-03	-1.505E-03	-9.509E-04	-6.535E-04	-4.737E-04	-3.228E-04	-2.407E-04	-1.666E-04	-1.202E-04	-1.099E-04	-4.680E-05	-3.021E-05	-3.896E-05	-1.936E-05	-3.698E-05	-2.954E-05	1.616E-05	-1.475E-08	
15:10:24_330	217534	7.61	16.65	11.64	12.29	0	0	1	8.718E-08	3.565E-08	1.211E-08	-4.507E-08	-3.364E-08	-2.960E-08	2.220E-08	-8.073E-09	-1.413E-08	-2.691E-09	-4.867E-04	-1.103E-03	-1.270E-03	-1.006E-03	-3.653E-04	-3.976E-04	-2.267E-04	-1.730E-04	-9.640E-05	-6.200E-05	-3.696E-05	-2.341E-05	-1.593E-05	-1.135E-05	-6.939E-06	-3.903E-06	-2.536E-06	-1.547E-06	-9.686E-07	-6.259E-07	-4.093E-07	-2.798E-07	-1.933E-07	-1.346E-07	-9.594E-08	-7.006E-08	-5.311E-08	-3.678E-08	-2.496E-08	-2.101E-08	-1.965E-08	-1.361E-08	-4.364E-09	2.032E-10	-3.208E-09	
15:10:24_330	217534	7.6	16.71	11.63	12.28	0	0	1	-2.403E-02	-3.280E-02	-3.311E-02	-3.307E-02	-3.324E-02	-3.320E-02	-3.324E-02	-3.324E-02	-3.333E-02	-3.333E-02	-1.492E-01	-3.046E-01	-3.453E-01	-2.738E-01	-1.038E-01	-1.099E-01	-6.389E-02	-4.851E-02	-2.753E-02	-1.794E-02	-1.076E-02	-6.922E-03	-4.617E-03	-3.138E-03	-1.836E-03	-9.396E-04	-4.730E-04	-1.371E-04	7.493E-05	2.282E-04	2.851E-04	2.591E-04	1.518E-04	5.730E-05	6.812E-05	1.916E-04	2.014E-04	1.229E-04	-3.308E-04	-9.139E-04	-7.534E-04	-3.656E-04	1.646E-04	5.609E-04	-1.528E-04	
15:10:24_330	217534	7.6	16.77	11.63	12.29	0	0	1	6.539E-08	-8.814E-05	-1.323E-04	-3.094E-08	4.407E-05	4.404E-05	1.323E-04	8.818E-05	8.817E-05	-1.320E-04	-2.576E-01	-5.799E-01	-6.666E-01	-5.281E-01	-1.918E-01	-2.097E-01	-1.194E-01	-9.081E-02	-5.079E-02	-3.268E-02	-1.932E-02	-1.240E-02	-8.415E-03	-5.967E-03	-3.649E-03	-2.029E-03	-1.331E-03	-8.104E-04	-5.022E-04	-3.236E-04	-2.264E-04	-1.413E-04	-1.033E-04	-6.355E-05	-3.817E-05	-3.067E-05	-1.068E-05	-8.674E-06	-1.356E-05	-5.942E-06	-1.061E-05	-6.826E-06	-8.821E-06	-3.652E-06	-1.473E-08	
15:10:24_330	217534	7.6	16.83	11.63	12.28	0	0	1	-2.414E-02	-3.276E-02	-3.293E-02	-3.346E-02	-3.329E-02	-3.320E-02	-3.320E-02	-3.333E-02	-3.302E-02	-3.337E-02	-4.058E-01	-8.833E-01	-1.011E+00	-8.017E-01	-2.956E-01	-3.195E-01	-1.838E-01	-1.397E-01	-7.909E-02	-5.116E-02	-3.096E-02	-1.982E-02	-1.352E-02	-9.716E-03	-6.060E-03	-3.514E-03	-2.248E-03	-1.381E-03	-7.972E-04	-4.679E-04	-2.937E-04	-1.887E-04	-4.306E-05	-3.500E-05	-2.345E-04	-3.945E-04	-7.042E-04	-1.082E-03	-9.227E-04	-4.456E-04	-3.893E-04	1.959E-04	6.715E-04	1.573E-04	-4.912E-04	
15:10:24_330	217534	7.59	16.83	11.64	12.29	0	0	1	-1.428E-04	1.323E-04	4.412E-05	-8.819E-05	-4.409E-05	1.323E-04	-8.815E-05	4.408E-05	-4.408E-05	-8.770E-05	-5.124E-01	-1.158E+00	-1.332E+00	-1.055E+00	-3.831E-01	-4.178E-01	-2.378E-01	-1.811E-01	-1.011E-01	-6.520E-02	-3.867E-02	-2.457E-02	-1.671E-02	-1.191E-02	-7.289E-03	-4.095E-03	-2.699E-03	-1.623E-03	-9.795E-04	-6.638E-04	-4.299E-04	-3.048E-04	-1.895E-04	-1.534E-04	-1.246E-04	-8.296E-05	-6.190E-05	-5.389E-05	-2.551E-05	-1.988E-05	-1.040E-05	-1.006E-05	-1.914E-05	-8.211E-06	-1.638E-10	
15:10:24_330	217534	7.6	16.89	11.64	12.29	0	0	1	-2.400E-02	-3.267E-02	-3.329E-02	-3.337E-02	-3.320E-02	-3.307E-02	-3.320E-02	-3.355E-02	-3.324E-02	-3.315E-02	-6.629E-01	-1.461E+00	-1.675E+00	-1.328E+00	-4.861E-01	-5.284E-01	-3.021E-01	-2.300E-01	-1.290E-01	-8.340E-02	-4.986E-02	-3.160E-02	-2.143E-02	-1.541E-02	-9.318E-03	-5.140E-03	-3.270E-03	-1.997E-03	-1.073E-03	-7.040E-04	-4.349E-04	-3.045E-04	-2.714E-04	-6.227E-05	5.019E-05	1.036E-04	1.160E-04	-1.690E-04	-6.335E-04	-1.065E-03	-5.524E-04	-4.012E-04	4.362E-04	4.579E-04	-3.472E-04	
15:11:24_478	277682	7.6	16.89	11.64	12.29	0	0	1	7.151E-05	-2.204E-04	3.086E-04	-8.819E-05	-1.764E-04	2.645E-04	4.409E-04	-8.817E-05	-4.409E-04	-3.079E-04	-7.646E-01	-1.736E+00	-1.999E+00	-1.583E+00	-5.749E-01	-6.254E-01	-3.572E-01	-2.724E-01	-1.516E-01	-9.752E-02	-5.823E-02	-3.686E-02	-2.487E-02	-1.785E-02	-1.087E-02	-6.119E-03	-3.961E-03	-2.423E-03	-1.544E-03	-9.612E-04	-6.529E-04	-4.326E-04	-3.002E-04	-2.054E-04	-1.481E-04	-1.099E-04	-8.205E-05	-6.666E-05	-4.660E-05	-3.305E-05	-3.682E-05	-9.665E-06	8.035E-07	-9.687E-10	-1.030E-05	
15:11:36_841	290045	7.61	16.53	11.65	12.3	0	0	1	-2.403E-02	-3.280E-02	-3.298E-02	-3.307E-02	-3.329E-02	-3.320E-02	-3.337E-02	-3.324E-02	-3.329E-02	-3.324E-02	-1.515E-01	-3.060E-01	-3.465E-01	-2.756E-01	-1.050E-01	-1.107E-01	-6.459E-02	-4.919E-02	-2.817E-02	-1.846E-02	-1.110E-02	-7.260E-03	-5.052E-03	-3.486E-03	-2.275E-03	-1.262E-03	-7.246E-04	-5.120E-04	-2.974E-04	-1.683E-04	-1.500E-04	-5.361E-05	1.119E-04	1.620E-04	2.086E-04	1.589E-04	4.803E-05	-3.464E-04	-8.261E-04	-1.043E-03	-4.868E-04	-3.281E-04	6.351E-04	3.907E-04	-4.912E-04	
15:11:36_841	290045	7.6	16.65	11.64	12.29	0	0	1	-3.568E-05	1.764E-04	1.323E-04	-1.323E-04	4.405E-05	-2.758E-08	8.814E-05	-1.322E-04	-4.407E-05	2.207E-04	-2.574E-01	-5.800E-01	-6.669E-01	-5.282E-01	-1.923E-01	-2.091E-01	-1.191E-01	-9.096E-02	-5.077E-02	-3.271E-02	-1.940E-02	-1.230E-02	-8.338E-03	-5.978E-03	-3.655E-03	-2.068E-03	-1.371E-03	-8.198E-04	-5.227E-04	-3.003E-04	-2.203E-04	-1.446E-04	-1.107E-04	-7.840E-05	-6.273E-05	-4.020E-05	-2.840E-05	-2.832E-05	-2.030E-05	-8.099E-06	-1.010E-06	-6.173E-06	-6.354E-06	-5.452E-06	-1.472E-08	
15:11:36_841	290045	7.6	16.77	11.64	12.29	0	0	1	-2.396E-02	-3.302E-02	-3.298E-02	-3.311E-02	-3.320E-02	-3.289E-02	-3.329E-02	-3.337E-02	-3.315E-02	-3.342E-02	-4.069E-01	-8.841E-01	-1.011E+00	-8.015E-01	-2.966E-01	-3.206E-01	-1.837E-01	-1.399E-01	-7.917E-02	-5.154E-02	-3.103E-02	-2.003E-02	-1.376E-02	-1.007E-02	-6.315E-03	-3.765E-03	-2.661E-03	-1.832E-03	-1.273E-03	-9.953E-04	-8.666E-04	-8.206E-04	-8.820E-04	-9.738E-04	-1.113E-03	-1.346E-03	-9.926E-04	-6.472E-04	-4.484E-04	-4.376E-04	1.483E-04	8.399E-04	3.136E-04	-3.805E-04	-4.912E-04	
15:11:36_841	290045	7.6	16.83	11.64	12.29	0	0	1	-7.134E-05	-1.322E-04	1.884E-08	-3.086E-04	1.763E-04	-1.323E-04	4.411E-05	-8.818E-05	-1.323E-04	1.327E-04	-5.097E-01	-1.158E+00	-1.332E+00	-1.055E+00	-3.830E-01	-4.179E-01	-2.386E-01	-1.814E-01	-1.014E-01	-6.514E-02	-3.863E-02	-2.463E-02	-1.663E-02	-1.187E-02	-7.315E-03	-4.114E-03	-2.645E-03	-1.613E-03	-1.013E-03	-6.723E-04	-4.435E-04	-3.063E-04	-2.081E-04	-1.622E-04	-1.004E-04	-7.174E-05	-5.809E-05	-4.518E-05	-3.416E-05	-1.432E-05	-1.085E-05	-1.018E-05	-8.573E-06	-3.030E-09	-5.038E-06	
15:11:36_841	290045	7.6	16.89	11.64	12.29	0	0	1	-2.385E-02	-3.324E-02	-3.329E-02	-3.293E-02	-3.342E-02	-3.324E-02	-3.293E-02	-3.329E-02	-3.329E-02	-3.289E-02	-6.644E-01	-1.463E+00	-1.677E+00	-1.328E+00	-4.875E-01	-5.285E-01	-3.024E-01	-2.304E-01	-1.294E-01	-8.410E-02	-5.017E-02	-3.234E-02	-2.188E-02	-1.567E-02	-9.804E-03	-5.603E-03	-3.827E-03	-2.471E-03	-1.692E-03	-1.260E-03	-9.326E-04	-8.390E-04	-8.273E-04	-9.239E-04	-1.036E-03	-1.296E-03	-1.196E-03	-8.089E-04	-4.663E-04	-4.724E-04	-5.061E-06	8.323E-04	3.494E-04	-2.620E-04	-4.912E-04	
15:12:36_989	350193	7.61	16.96	11.63	12.29	0	0	1	3.572E-04	1.764E-04	-3.527E-04	-8.819E-05	4.409E-05	-2.645E-04	-4.850E-04	-2.645E-04	-8.815E-05	3.975E-04	-7.669E-01	-1.737E+00	-1.997E+00	-1.582E+00	-5.747E-01	-6.281E-01	-3.570E-01	-2.715E-01	-1.519E-01	-9.774E-02	-5.809E-02	-3.674E-02	-2.510E-02	-1.799E-02	-1.098E-02	-6.128E-03	-3.991E-03	-2.445E-03	-1.533E-03	-9.911E-04	-6.501E-04	-4.284E-04	-3.070E-04	-2.147E-04	-1.625E-04	-1.246E-04	-9.158E-05	-5.877E-05	-4.484E-05	-3.322E-05	-1.978E-05	-8.748E-06	-1.132E-05	-9.010E-06	-1.472E-08	
15:12:49_353	362557	7.61	16.96	11.63	12.28	0	0	1	1.019E-07	3.902E-08	-2.691E-09	-3.229E-08	-3.498E-08	-6.727E-10	-2.758E-08	2.489E-08	9.418E-09	-1.345E-08	-4.873E-04	-1.103E-03	-1.269E-03	-1.005E-03	-3.649E-04	-3.986E-04	-2.266E-04	-1.727E-04	-9.656E-05	-6.210E-05	-3.690E-05	-2.341E-05	-1.588E-05	-1.136E-05	-6.932E-06	-3.884E-06	-2.535E-06	-1.550E-06	-9.602E-07	-6.168E-07	-4.089E-07	-2.749E-07	-1.932E-07	-1.370E-07	-9.619E-08	-7.044E-08	-5.545E-08	-4.349E-08	-2.977E-08	-2.004E-08	-1.673E-08	-1.287E-08	-6.285E-09	-2.784E-09	0.000E+00	
15:12:49_353	362557	7.6	17.02	11.63	12.29	0	0	1	-2.400E-02	-3.276E-02	-3.293E-02	-3.311E-02	-3.315E-02	-3.315E-02	-3.315E-02	-3.329E-02	-3.324E-02	-3.315E-02	-1.510E-01	-3.064E-01	-3.473E-01	-2.753E-01	-1.052E-01	-1.116E-01	-6.516E-02	-4.984E-02	-2.899E-02	-1.911E-02	-1.188E-02	-7.989E-03	-5.681E-03	-4.217E-03	-2.910E-03	-1.982E-03	-1.498E-03	-1.193E-03	-9.962E-04	-9.333E-04	-8.934E-04	-9.484E-04	-9.637E-04	-1.112E-03	-1.342E-03	-1.017E-03	-7.809E-04	-4.340E-04	-4.631E-04	-2.946E-04	3.829E-04	7.650E-04	2.527E-04	-5.893E-04	-4.826E-04	
15:12:49_353	362557	7.61	17.02	11.63	12.29	0	0	1	1.072E-04	1.764E-04	-4.407E-05	-8.821E-05	-9.418E-09	1.322E-04	-9.418E-09	8.817E-05	-4.408E-05	-2.643E-04	-2.576E-01	-5.796E-01	-6.678E-01	-5.295E-01	-1.919E-01	-2.092E-01	-1.194E-01	-9.060E-02	-5.080E-02	-3.258E-02	-1.947E-02	-1.235E-02	-8.366E-03	-6.015E-03	-3.654E-03	-2.063E-03	-1.381E-03	-8.216E-04	-5.189E-04	-3.317E-04	-2.258E-04	-1.630E-04	-1.206E-04	-7.372E-05	-5.780E-05	-4.272E-05	-2.140E-05	-1.058E-05	-8.686E-06	-1.269E-05	-6.450E-06	-1.119E-05	-7.624E-06	-5.677E-13	-1.550E-07	
15:12:49_353	362557	7.62	17.02	11.63	12.28	0	0	1	-2.393E-02	-3.293E-02	-3.315E-02	-3.284E-02	-3.307E-02	-3.311E-02	-3.324E-02	-3.333E-02	-3.351E-02	-3.329E-02	-4.093E-01	-8.856E-01	-1.016E+00	-8.059E-01	-2.979E-01	-3.209E-01	-1.853E-01	-1.420E-01	-8.038E-02	-5.245E-02	-3.199E-02	-2.118E-02	-1.484E-02	-1.098E-02	-7.296E-03	-4.661E-03	-3.374E-03	-2.532E-03	-1.942E-03	-1.576E-03	-1.261E-03	-1.016E-03	-7.790E-04	-5.681E-04	-5.721E-04	-5.786E-04	-4.930E-04	-3.240E-04	2.013E-04	8.475E-04	5.521E-04	2.500E-04	-3.732E-04	-6.095E-04	9.049E-05	
15:12:49_353	362557	7.62	17.02	11.63	12.28	0	0	1	1.429E-04	8.825E-05	-3.086E-04	-2.489E-08	-2.205E-04	4.408E-05	-2.204E-04	-1.323E-04	1.480E-08	1.768E-04	-5.121E-01	-1.160E+00	-1.336E+00	-1.059E+00	-3.852E-01	-4.180E-01	-2.388E-01	-1.823E-01	-1.011E-01	-6.535E-02	-3.879E-02	-2.473E-02	-1.676E-02	-1.195E-02	-7.268E-03	-4.085E-03	-2.690E-03	-1.639E-03	-1.012E-03	-6.524E-04	-4.389E-04	-2.537E-04	-2.145E-04	-1.412E-04	-1.163E-04	-6.734E-05	-4.999E-05	-3.702E-05	-2.835E-05	-2.373E-05	-1.826E-05	-1.715E-05	-8.945E-06	1.987E-12	-9.157E-07	
15:12:49_353	362557	7.62	17.08	11.63	12.28	0	0	1	-2.403E-02	-3.284E-02	-3.307E-02	-3.307E-02	-3.320E-02	-3.320E-02	-3.355E-02	-3.329E-02	-3.329E-02	-3.289E-02	-6.656E-01	-1.468E+00	-1.683E+00	-1.333E+00	-4.897E-01	-5.314E-01	-3.044E-01	-2.316E-01	-1.309E-01	-8.469E-02	-5.138E-02	-3.314E-02	-2.294E-02	-1.686E-02	-1.073E-02	-6.536E-03	-4.562E-03	-3.313E-03	-2.476E-03	-2.037E-03	-1.845E-03	-1.752E-03	-1.648E-03	-1.218E-03	-1.022E-03	-7.440E-04	-4.924E-04	-5.235E-04	-4.096E-04	7.575E-05	8.256E-04	4.057E-04	1.514E-04	-6.095E-04	-3.025E-04	
15:13:49_501	422705	7.62	17.08	11.63	12.28	0	0	1	1.072E-04	-4.401E-05	-1.323E-04	-1.764E-04	-1.323E-04	-8.818E-05	-8.816E-05	1.763E-04	8.819E-05	1.330E-04	-7.678E-01	-1.741E+00	-2.002E+00	-1.586E+00	-5.766E-01	-6.286E-01	-3.580E-01	-2.720E-01	-1.527E-01	-9.796E-02	-5.831E-02	-3.693E-02	-2.502E-02	-1.799E-02	-1.089E-02	-6.180E-03	-3.994E-03	-2.451E-03	-1.516E-03	-9.696E-04	-6.526E-04	-4.919E-04	-3.160E-04	-2.381E-04	-1.889E-04	-1.381E-04	-1.124E-04	-5.286E-05	-2.369E-05	-2.024E-05	-1.032E-05	-3.441E-06	-1.667E-05	-1.005E-05	-1.472E-08	
15:06:46_796	0	0.99	14.82	12.26	12.3	0	0	2	-2.076E-02	-1.422E-01	-3.094E-01	-2.790E-01	-2.340E-01	-1.976E-01	-1.621E-01	-1.243E-01	-9.005E-02	-6.173E-02	-3.834E-02	-3.233E-02	-4.002E-02	-2.928E-02	-9.237E-03	-1.396E-02	-6.572E-03	-6.268E-03	-3.504E-03	-2.391E-03	-1.592E-03	-1.134E-03	-8.226E-04	-6.195E-04	-4.268E-04	-2.794E-04	-1.529E-04	-9.717E-05	-5.529E-05	
15:06:46_796	0	0.99	15.12	12.25	12.29	0	0	2	-1.531E-03	-1.824E-01	-3.936E-01	-3.589E-01	-2.991E-01	-2.509E-01	-2.042E-01	-1.539E-01	-1.076E-01	-7.054E-02	-4.350E-02	-3.725E-02	-4.859E-02	-3.501E-02	-8.633E-03	-1.560E-02	-6.545E-03	-6.424E-03	-3.028E-03	-1.779E-03	-8.688E-04	-4.539E-04	-1.572E-04	-2.643E-05	1.533E-04	2.908E-04	3.183E-04	3.358E-04	3.579E-04	
15:06:46_796	0	0.99	15.37	12.25	12.29	0	0	2	-2.110E-02	-2.297E-01	-5.020E-01	-4.570E-01	-3.828E-01	-3.228E-01	-2.639E-01	-2.007E-01	-1.427E-01	-9.694E-02	-5.920E-02	-5.051E-02	-6.385E-02	-4.643E-02	-1.309E-02	-2.167E-02	-9.799E-03	-9.494E-03	-4.885E-03	-3.270E-03	-2.028E-03	-1.318E-03	-9.379E-04	-6.702E-04	-3.837E-04	-1.982E-04	-1.643E-04	-5.722E-05	6.493E-07	
15:06:46_796	0	0.99	15.49	12.24	12.29	0	0	2	-3.149E-03	-2.725E-01	-5.895E-01	-5.380E-01	-4.488E-01	-3.761E-01	-3.053E-01	-2.299E-01	-1.611E-01	-1.047E-01	-6.479E-02	-5.620E-02	-7.258E-02	-5.281E-02	-1.335E-02	-2.384E-02	-9.904E-03	-9.947E-03	-4.813E-03	-2.981E-03	-1.699E-03	-9.751E-04	-6.261E-04	-3.711E-04	-1.583E-04	2.082E-05	9.458E-05	1.263E-04	1.422E-04	
15:07:46_944	60148	0.99	15.61	12.24	12.28	0	0	2	-6.250E-06	-6.585E-04	-1.436E-03	-1.311E-03	-1.093E-03	-9.173E-04	-7.461E-04	-5.616E-04	-3.938E-04	-2.575E-04	-1.590E-04	-1.370E-04	-1.777E-04	-1.294E-04	-3.294E-05	-5.838E-05	-2.519E-05	-2.483E-05	-1.225E-05	-7.865E-06	-4.585E-06	-2.954E-06	-2.016E-06	-1.477E-06	-8.869E-07	-4.809E-07	-3.186E-07	-1.962E-07	-1.202E-07	
15:07:46_944	60148	0.99	15.73	12.24	12.28	0	0	2	-1.974E-02	-5.322E-02	-1.123E-01	-9.911E-02	-8.444E-02	-7.193E-02	-6.030E-02	-4.742E-02	-3.611E-02	-2.641E-02	-1.648E-02	-1.323E-02	-1.527E-02	-1.141E-02	-4.346E-03	-5.614E-03	-2.927E-03	-2.677E-03	-1.579E-03	-1.089E-03	-7.180E-04	-5.258E-04	-3.592E-04	-2.730E-04	-2.008E-04	-1.344E-04	-8.321E-05	-5.911E-05	-4.599E-05	
15:07:59_307	72511	0.99	15.8	12.24	12.28	0	0	2	-6.012E-04	-8.754E-02	-1.961E-01	-1.799E-01	-1.504E-01	-1.258E-01	-1.026E-01	-7.707E-02	-5.414E-02	-3.515E-02	-2.144E-02	-1.856E-02	-2.437E-02	-1.771E-02	-4.461E-03	-8.018E-03	-3.388E-03	-3.440E-03	-1.641E-03	-1.047E-03	-6.195E-04	-3.747E-04	-2.932E-04	-2.367E-04	-1.316E-04	-6.627E-05	-4.624E-05	-2.718E-05	-2.647E-05	
15:07:59_307	72511	0.99	15.92	12.24	12.28	0	0	2	-2.069E-02	-1.465E-01	-3.103E-01	-2.782E-01	-2.335E-01	-1.975E-01	-1.622E-01	-1.242E-01	-8.951E-02	-6.103E-02	-3.795E-02	-3.243E-02	-3.950E-02	-2.909E-02	-8.956E-03	-1.367E-02	-6.283E-03	-6.136E-03	-3.258E-03	-2.288E-03	-1.364E-03	-9.512E-04	-6.646E-04	-4.692E-04	-2.655E-04	-1.505E-04	-5.517E-05	5.550E-05	1.113E-04	
15:07:59_307	72511	0.99	15.92	12.24	12.28	0	0	2	-2.015E-03	-1.857E-01	-3.948E-01	-3.597E-01	-2.997E-01	-2.514E-01	-2.046E-01	-1.533E-01	-1.076E-01	-7.073E-02	-4.371E-02	-3.726E-02	-4.876E-02	-3.534E-02	-9.040E-03	-1.602E-02	-6.806E-03	-6.786E-03	-3.283E-03	-2.108E-03	-1.195E-03	-7.618E-04	-5.400E-04	-4.104E-04	-2.610E-04	-1.739E-04	-1.436E-04	-1.818E-04	-1.476E-04	
15:07:59_307	72511	0.99	16.04	12.24	12.28	0	0	2	-2.147E-02	-2.349E-01	-5.052E-01	-4.571E-01	-3.828E-01	-3.220E-01	-2.637E-01	-2.009E-01	-1.438E-01	-9.656E-02	-5.977E-02	-5.110E-02	-6.418E-02	-4.636E-02	-1.332E-02	-2.152E-02	-9.885E-03	-9.428E-03	-5.002E-03	-3.260E-03	-2.036E-03	-1.326E-03	-9.173E-04	-6.757E-04	-4.015E-04	-2.117E-04	-9.438E-05	-1.879E-05	5.401E-05	
15:07:59_307	72511	0.99	16.1	12.24	12.28	0	0	2	-2.601E-03	-2.812E-01	-5.933E-01	-5.382E-01	-4.484E-01	-3.765E-01	-3.063E-01	-2.300E-01	-1.608E-01	-1.050E-01	-6.523E-02	-5.658E-02	-7.317E-02	-5.275E-02	-1.324E-02	-2.395E-02	-1.014E-02	-1.006E-02	-4.823E-03	-3.121E-03	-1.776E-03	-1.110E-03	-7.186E-04	-4.626E-04	-2.311E-04	-8.847E-05	-1.764E-05	2.418E-05	1.058E-05	
15:08:59_455	132659	0.99	16.16	12.24	12.28	0	0	2	-6.465E-06	-6.711E-04	-1.440E-03	-1.312E-03	-1.094E-03	-9.175E-04	-7.464E-04	-5.618E-04	-3.939E-04	-2.575E-04	-1.589E-04	-1.369E-04	-1.777E-04	-1.294E-04	-3.290E-05	-5.834E-05	-2.519E-05	-2.479E-05	-1.222E-05	-7.841E-06	-4.563E-06	-2.938E-06	-1.997E-06	-1.455E-06	-8.643E-07	-4.519E-07	-2.805E-07	-1.519E-07	-7.688E-08	
15:08:59_455	132659	0.99	16.22	12.24	12.28	0	0	2	-1.981E-02	-5.432E-02	-1.125E-01	-9.919E-02	-8.389E-02	-7.210E-02	-6.015E-02	-4.759E-02	-3.588E-02	-2.653E-02	-1.642E-02	-1.333E-02	-1.512E-02	-1.147E-02	-4.211E-03	-5.517E-03	-2.862E-03	-2.588E-03	-1.532E-03	-1.055E-03	-6.579E-04	-4.791E-04	-3.088E-04	-2.624E-04	-1.173E-04	-5.300E-05	-2.890E-05	-1.100E-05	2.857E-06	
15:09:11_819	145023	0.99	15.98	12.25	12.29	0	0	2	-2.025E-02	-1.394E-01	-3.072E-01	-2.782E-01	-2.337E-01	-1.975E-01	-1.621E-01	-1.240E-01	-8.959E-02	-6.150E-02	-3.785E-02	-3.209E-02	-3.968E-02	-2.902E-02	-8.771E-03	-1.372E-02	-6.379E-03	-6.040E-03	-3.332E-03	-2.233E-03	-1.428E-03	-1.010E-03	-7.625E-04	-5.669E-04	-4.024E-04	-3.063E-04	-2.200E-04	-2.015E-04	-1.619E-04	
15:09:11_819	145023	0.99	16.16	12.24	12.29	0	0	2	-2.331E-03	-1.881E-01	-3.972E-01	-3.604E-01	-2.999E-01	-2.514E-01	-2.052E-01	-1.542E-01	-1.080E-01	-7.061E-02	-4.375E-02	-3.791E-02	-4.913E-02	-3.583E-02	-9.422E-03	-1.629E-02	-7.174E-03	-7.180E-03	-3.688E-03	-2.501E-03	-1.604E-03	-1.143E-03	-8.870E-04	-7.304E-04	-5.610E-04	-4.551E-04	-4.377E-04	-3.844E-04	-3.647E-04	
15:09:11_819	145023	0.99	16.28	12.24	12.29	0	0	2	-2.150E-02	-2.391E-01	-5.062E-01	-4.571E-01	-3.828E-01	-3.224E-01	-2.636E-01	-2.005E-01	-1.433E-01	-9.647E-02	-5.951E-02	-5.058E-02	-6.378E-02	-4.658E-02	-1.338E-02	-2.161E-02	-9.883E-03	-9.540E-03	-4.992E-03	-3.214E-03	-2.039E-03	-1.347E-03	-9.590E-04	-7.227E-04	-4.256E-04	-2.153E-04	-1.518E-04	-1.761E-05	6.974E-05	
15:09:11_819	145023	0.99	16.35	12.24	12.28	0	0	2	-2.424E-03	-2.715E-01	-5.895E-01	-5.380E-01	-4.483E-01	-3.765E-01	-3.061E-01	-2.302E-01	-1.615E-01	-1.057E-01	-6.559E-02	-5.620E-02	-7.303E-02	-5.275E-02	-1.356E-02	-2.413E-02	-1.008E-02	-1.031E-02	-4.924E-03	-3.174E-03	-1.848E-03	-1.175E-03	-7.140E-04	-5.291E-04	-3.172E-04	-1.694E-04	-5.935E-05	-5.167E-05	-3.452E-05	
15:10:11_967	205171	0.99	16.41	12.24	12.28	0	0	2	-6.299E-06	-6.682E-04	-1.439E-03	-1.312E-03	-1.093E-03	-9.170E-04	-7.462E-04	-5.618E-04	-3.938E-04	-2.575E-04	-1.588E-04	-1.369E-04	-1.776E-04	-1.294E-04	-3.289E-05	-5.833E-05	-2.514E-05	-2.479E-05	-1.221E-05	-7.825E-06	-4.556E-06	-2.927E-06	-1.994E-06	-1.455E-06	-8.715E-07	-4.647E-07	-3.000E-07	-1.771E-07	-1.106E-07	
15:10:11_967	205171	0.99	16.47	12.24	12.28	0	0	2	-1.968E-02	-5.412E-02	-1.129E-01	-9.961E-02	-8.436E-02	-7.234E-02	-6.057E-02	-4.789E-02	-3.604E-02	-2.673E-02	-1.673E-02	-1.363E-02	-1.558E-02	-1.171E-02	-4.666E-03	-5.893E-03	-3.270E-03	-2.999E-03	-1.942E-03	-1.396E-03	-1.070E-03	-8.445E-04	-7.007E-04	-6.007E-04	-4.983E-04	-4.577E-04	-4.107E-04	-3.961E-04	-3.880E-04	
15:10:24_330	217534	0.99	16.53	12.24	12.28	0	0	2	-8.804E-04	-9.261E-02	-1.978E-01	-1.806E-01	-1.501E-01	-1.259E-01	-1.025E-01	-7.735E-02	-5.403E-02	-3.549E-02	-2.180E-02	-1.874E-02	-2.457E-02	-1.787E-02	-4.500E-03	-8.109E-03	-3.594E-03	-3.474E-03	-1.828E-03	-1.160E-03	-7.081E-04	-4.659E-04	-3.495E-04	-2.660E-04	-1.657E-04	-1.261E-04	-1.049E-04	-6.250E-05	-4.650E-05	
15:10:24_330	217534	0.99	16.59	12.24	12.28	0	0	2	-2.068E-02	-1.427E-01	-3.085E-01	-2.779E-01	-2.332E-01	-1.971E-01	-1.618E-01	-1.241E-01	-8.969E-02	-6.111E-02	-3.787E-02	-3.229E-02	-3.949E-02	-2.879E-02	-8.872E-03	-1.360E-02	-6.424E-03	-6.011E-03	-3.190E-03	-2.223E-03	-1.368E-03	-9.745E-04	-6.591E-04	-4.630E-04	-2.854E-04	-1.386E-04	-6.412E-05	-2.361E-05	7.996E-06	
15:10:24_330	217534	0.99	16.59	12.24	12.28	0	0	2	-1.839E-03	-1.854E-01	-3.949E-01	-3.587E-01	-2.991E-01	-2.512E-01	-2.044E-01	-1.534E-01	-1.077E-01	-7.024E-02	-4.367E-02	-3.764E-02	-4.873E-02	-3.547E-02	-9.049E-03	-1.599E-02	-6.712E-03	-6.788E-03	-3.301E-03	-2.039E-03	-1.141E-03	-7.338E-04	-4.356E-04	-2.796E-04	-1.303E-04	-5.438E-05	-4.352E-05	-4.888E-05	-7.728E-05	
15:10:24_330	217534	0.99	16.65	12.24	12.28	0	0	2	-2.114E-02	-2.334E-01	-5.031E-01	-4.573E-01	-3.829E-01	-3.222E-01	-2.640E-01	-2.005E-01	-1.431E-01	-9.634E-02	-5.943E-02	-5.036E-02	-6.393E-02	-4.672E-02	-1.327E-02	-2.147E-02	-9.790E-03	-9.485E-03	-4.945E-03	-3.299E-03	-2.055E-03	-1.400E-03	-1.055E-03	-7.903E-04	-5.518E-04	-3.891E-04	-3.141E-04	-2.304E-04	-2.133E-04	
15:10:24_330	217534	0.99	16.65	12.24	12.28	0	0	2	-2.657E-03	-2.745E-01	-5.909E-01	-5.380E-01	-4.481E-01	-3.758E-01	-3.061E-01	-2.305E-01	-1.613E-01	-1.053E-01	-6.484E-02	-5.684E-02	-7.286E-02	-5.301E-02	-1.350E-02	-2.423E-02	-1.040E-02	-1.023E-02	-5.047E-03	-3.357E-03	-1.927E-03	-1.335E-03	-9.320E-04	-6.720E-04	-4.087E-04	-2.375E-04	-1.670E-04	-9.270E-05	-3.218E-05	
15:11:24_478	277682	0.99	16.71	12.24	12.28	0	0	2	-6.442E-06	-6.706E-04	-1.440E-03	-1.312E-03	-1.093E-03	-9.169E-04	-7.460E-04	-5.616E-04	-3.937E-04	-2.574E-04	-1.588E-04	-1.369E-04	-1.775E-04	-1.293E-04	-3.289E-05	-5.830E-05	-2.515E-05	-2.477E-05	-1.219E-05	-7.830E-06	-4.546E-06	-2.919E-06	-1.985E-06	-1.451E-06	-8.578E-07	-4.539E-07	-2.906E-07	-1.655E-07	-1.001E-07	
15:11:24_478	277682	0.99	16.59	12.24	12.28	0	0	2	-1.974E-02	-5.403E-02	-1.129E-01	-9.965E-02	-8.485E-02	-7.241E-02	-6.066E-02	-4.771E-02	-3.613E-02	-2.673E-02	-1.686E-02	-1.375E-02	-1.557E-02	-1.160E-02	-4.736E-03	-5.970E-03	-3.209E-03	-2.905E-03	-1.933E-03	-1.362E-03	-1.031E-03	-7.949E-04	-6.495E-04	-5.199E-04	-4.325E-04	-3.579E-04	-2.787E-04	-2.355E-04	-2.073E-04	
15:11:36_841	290045	0.99	16.41	12.25	12.29	0	0	2	-2.040E-02	-1.444E-01	-3.086E-01	-2.783E-01	-2.339E-01	-1.978E-01	-1.624E-01	-1.239E-01	-8.908E-02	-6.121E-02	-3.800E-02	-3.210E-02	-3.950E-02	-2.865E-02	-8.740E-03	-1.356E-02	-6.437E-03	-5.960E-03	-3.176E-03	-2.107E-03	-1.323E-03	-8.605E-04	-6.050E-04	-4.372E-04	-3.032E-04	-2.259E-04	-1.632E-04	-1.553E-04	-1.174E-04	
15:11:36_841	290045	0.99	16.53	12.24	12.29	0	0	2	-2.220E-03	-1.847E-01	-3.957E-01	-3.600E-01	-2.997E-01	-2.512E-01	-2.042E-01	-1.538E-01	-1.083E-01	-7.098E-02	-4.402E-02	-3.787E-02	-4.893E-02	-3.573E-02	-9.434E-03	-1.631E-02	-7.106E-03	-7.033E-03	-3.659E-03	-2.411E-03	-1.512E-03	-1.038E-03	-8.042E-04	-6.448E-04	-4.826E-04	-3.814E-04	-3.193E-04	-2.492E-04	-1.892E-04	
15:11:36_841	290045	0.99	16.65	12.24	12.29	0	0	2	-2.161E-02	-2.363E-01	-5.057E-01	-4.571E-01	-3.823E-01	-3.228E-01	-2.644E-01	-2.016E-01	-1.434E-01	-9.694E-02	-6.003E-02	-5.056E-02	-6.407E-02	-4.685E-02	-1.328E-02	-2.187E-02	-1.002E-02	-9.574E-03	-5.142E-03	-3.426E-03	-2.107E-03	-1.451E-03	-1.029E-03	-8.197E-04	-5.601E-04	-3.428E-04	-2.232E-04	-1.343E-04	-7.441E-05	
15:11:36_841	290045	0.99	16.71	12.24	12.28	0	0	2	-2.611E-03	-2.721E-01	-5.889E-01	-5.377E-01	-4.482E-01	-3.766E-01	-3.063E-01	-2.304E-01	-1.616E-01	-1.054E-01	-6.541E-02	-5.628E-02	-7.285E-02	-5.317E-02	-1.321E-02	-2.401E-02	-1.033E-02	-1.019E-02	-5.040E-03	-3.306E-03	-1.888E-03	-1.251E-03	-8.486E-04	-6.143E-04	-3.900E-04	-2.098E-04	-1.280E-04	-4.520E-05	-1.005E-05	
15:12:36_989	350193	0.99	16.77	12.24	12.28	0	0	2	-7.076E-06	-6.696E-04	-1.439E-03	-1.312E-03	-1.093E-03	-9.171E-04	-7.462E-04	-5.617E-04	-3.938E-04	-2.575E-04	-1.589E-04	-1.369E-04	-1.776E-04	-1.294E-04	-3.288E-05	-5.831E-05	-2.520E-05	-2.479E-05	-1.223E-05	-7.856E-06	-4.569E-06	-2.952E-06	-2.014E-06	-1.477E-06	-8.841E-07	-4.883E-07	-3.214E-07	-1.944E-07	-1.347E-07	
15:12:36_989	350193	0.99	16.77	12.24	12.28	0	0	2	-1.971E-02	-5.284E-02	-1.123E-01	-9.952E-02	-8.428E-02	-7.234E-02	-6.041E-02	-4.784E-02	-3.572E-02	-2.655E-02	-1.654E-02	-1.358E-02	-1.549E-02	-1.165E-02	-4.489E-03	-5.875E-03	-3.155E-03	-2.910E-03	-1.784E-03	-1.291E-03	-9.653E-04	-7.430E-04	-5.721E-04	-4.670E-04	-3.701E-04	-2.761E-04	-2.165E-04	-1.544E-04	-1.156E-04	
15:12:49_353	362557	0.99	16.77	12.24	12.28	0	0	2	-1.048E-03	-9.148E-02	-1.980E-01	-1.805E-01	-1.503E-01	-1.264E-01	-1.028E-01	-7.710E-02	-5.383E-02	-3.579E-02	-2.233E-02	-1.890E-02	-2.482E-02	-1.785E-02	-4.666E-03	-8.158E-03	-3.673E-03	-3.574E-03	-1.912E-03	-1.185E-03	-7.829E-04	-5.321E-04	-4.077E-04	-3.230E-04	-2.239E-04	-1.469E-04	-1.268E-04	-6.772E-05	-4.870E-05	
15:12:49_353	362557	0.99	16.77	12.24	12.28	0	0	2	-2.048E-02	-1.386E-01	-3.066E-01	-2.777E-01	-2.333E-01	-1.973E-01	-1.618E-01	-1.241E-01	-8.947E-02	-6.134E-02	-3.770E-02	-3.204E-02	-3.953E-02	-2.881E-02	-8.728E-03	-1.354E-02	-6.276E-03	-5.946E-03	-3.196E-03	-2.149E-03	-1.322E-03	-8.793E-04	-6.128E-04	-4.387E-04	-2.673E-04	-1.604E-04	-1.222E-04	-1.094E-04	-8.241E-05	
15:12:49_353	362557	0.99	16.83	12.24	12.28	0	0	2	-1.997E-03	-1.882E-01	-3.969E-01	-3.591E-01	-2.990E-01	-2.512E-01	-2.043E-01	-1.532E-01	-1.074E-01	-6.969E-02	-4.343E-02	-3.761E-02	-4.845E-02	-3.522E-02	-8.793E-03	-1.567E-02	-6.559E-03	-6.518E-03	-3.072E-03	-1.873E-03	-9.534E-04	-5.543E-04	-3.161E-04	-1.558E-04	-5.162E-09	1.265E-04	1.925E-04	2.063E-04	1.340E-04	
15:12:49_353	362557	0.99	16.83	12.24	12.28	0	0	2	-2.141E-02	-2.341E-01	-5.035E-01	-4.575E-01	-3.825E-01	-3.221E-01	-2.636E-01	-2.005E-01	-1.430E-01	-9.700E-02	-5.968E-02	-5.048E-02	-6.374E-02	-4.662E-02	-1.331E-02	-2.150E-02	-9.918E-03	-9.566E-03	-4.918E-03	-3.244E-03	-2.004E-03	-1.301E-03	-9.128E-04	-6.647E-04	-4.007E-04	-2.217E-04	-1.345E-04	-3.752E-05	2.499E-05	
15:12:49_353	362557	0.99	16.83	12.24	12.28	0	0	2	-2.880E-03	-2.716E-01	-5.905E-01	-5.380E-01	-4.475E-01	-3.754E-01	-3.057E-01	-2.303E-01	-1.617E-01	-1.055E-01	-6.477E-02	-5.615E-02	-7.291E-02	-5.278E-02	-1.340E-02	-2.387E-02	-1.006E-02	-9.992E-03	-4.828E-03	-3.043E-03	-1.696E-03	-1.021E-03	-6.000E-04	-3.891E-04	-1.491E-04	2.060E-05	9.974E-05	2.055E-04	1.836E-04	
15:13:49_501	422705	0.99	16.89	12.24	12.28	0	0	2	-6.899E-06	-6.685E-04	-1.439E-03	-1.312E-03	-1.093E-03	-9.172E-04	-7.463E-04	-5.617E-04	-3.937E-04	-2.575E-04	-1.590E-04	-1.369E-04	-1.777E-04	-1.294E-04	-3.292E-05	-5.833E-05	-2.518E-05	-2.483E-05	-1.224E-05	-7.855E-06	-4.577E-06	-2.961E-06	-2.021E-06	-1.483E-06	-8.982E-07	-4.903E-07	-3.246E-07	-2.014E-07	-1.275E-07	
15:13:49_501	422705	0.99	16.89	12.24	12.28	0	0	2	-1.975E-02	-5.162E-02	-1.115E-01	-9.958E-02	-8.446E-02	-7.256E-02	-6.046E-02	-4.776E-02	-3.590E-02	-2.674E-02	-1.659E-02	-1.362E-02	-1.555E-02	-1.160E-02	-4.509E-03	-5.789E-03	-3.193E-03	-2.846E-03	-1.841E-03	-1.304E-03	-9.548E-04	-7.550E-04	-6.110E-04	-4.861E-04	-3.995E-04	-3.286E-04	-2.779E-04	-2.430E-04	-2.100E-04	
15:06:46_796	0	0	14.45	12.36	12.36	-0.04	0	3	-2.997E-08	2.018E-09	-2.691E-08	-6.727E-10	1.816E-08	-2.960E-08	-6.727E-10	2.018E-09	2.825E-08	-2.220E-08	8.028E-08	-3.823E-08	-8.964E-09	-4.984E-08	-2.650E-08	4.273E-08	3.858E-08	-2.528E-08	-6.688E-09	1.059E-09	2.702E-09	6.715E-09	4.346E-09	1.679E-09	-6.404E-09	-1.469E-09	7.815E-10	1.021E-09	-9.469E-11	2.686E-10	2.541E-10	-2.319E-10	2.445E-11	-1.342E-09	3.847E-10	-2.416E-09	-6.127E-10	-1.042E-09	8.402E-10	2.398E-10	5.941E-10	1.618E-10	-4.749E-10	1.984E-10	0.000E+00	
15:09:11_819	145023	0	16.1	12.33	12.33	-0.04	0	3	-2.071E-08	2.355E-08	-2.556E-08	-9.418E-09	-1.009E-08	-2.691E-08	2.018E-08	2.287E-08	-9.418E-09	-4.709E-09	7.196E-08	2.258E-08	-9.435E-09	-3.258E-08	-7.902E-09	8.344E-09	-8.620E-09	-3.577E-08	5.574E-09	-2.546E-08	1.760E-09	-1.239E-08	-6.680E-09	-5.899E-09	-3.254E-09	-6.182E-09	3.349E-09	-3.162E-09	1.165E-10	3.521E-09	-1.176E-10	1.152E-09	-9.137E-10	2.388E-09	-3.410E-10	-7.578E-10	8.354E-10	2.551E-09	5.585E-09	5.836E-09	-1.108E-09	-2.201E-09	-3.581E-09	0.000E+00	7.649E-10	
15:11:36_841	290045	0	16.41	12.33	12.33	-0.04	0	3	-2.724E-09	2.893E-08	6.727E-09	3.094E-08	2.556E-08	-2.489E-08	2.489E-08	-4.036E-09	-1.345E-09	-8.745E-09	-3.652E-07	3.552E-08	6.794E-08	2.405E-08	4.823E-08	-1.226E-08	1.026E-10	6.769E-08	-6.360E-09	5.998E-09	-1.294E-08	1.560E-08	-3.219E-10	9.473E-10	5.900E-09	1.386E-09	-5.582E-09	5.023E-09	-1.508E-09	7.066E-09	7.834E-09	1.186E-09	-3.362E-11	-1.536E-09	-1.249E-10	-1.206E-09	-1.630E-09	-4.398E-10	-1.536E-09	-3.280E-09	-1.893E-09	2.754E-09	-4.396E-10	-8.379E-10	1.836E-09	
15:06:46_796	0	0	14.33	12.36	12.36	-0.04	0	4	-2.233E-04	2.641E-04	6.889E-05	-2.756E-04	-2.411E-04	-3.560E-04	5.736E-05	-4.937E-04	-1.837E-04	-4.478E-04	2.125E-05	3.597E-05	-6.846E-05	-1.556E-04	-5.056E-05	-1.360E-04	-2.365E-04	-1.844E-04	-1.612E-04	-1.927E-04	-1.188E-04	-1.386E-04	-1.310E-04	-1.205E-04	-1.114E-04	-7.997E-05	-8.499E-05	-5.059E-05	-4.339E-05	
15:09:11_819	145023	0	15.92	12.34	12.34	-0.04	0	4	-4.929E-04	6.774E-04	2.411E-04	3.789E-04	3.100E-04	2.526E-04	2.181E-04	1.148E-04	5.282E-04	3.790E-04	3.620E-04	4.316E-04	1.771E-04	3.078E-04	3.540E-04	2.762E-04	1.979E-04	3.250E-04	2.306E-04	2.684E-04	2.348E-04	2.446E-04	2.097E-04	2.039E-04	2.056E-04	1.845E-04	1.492E-04	1.282E-04	1.171E-04	
15:11:36_841	290045	0	16.35	12.33	12.33	-0.04	0	4	-6.230E-04	-2.295E-05	1.837E-04	5.738E-05	-5.740E-05	3.445E-05	-1.263E-04	-5.747E-05	-4.870E-08	3.559E-04	7.097E-05	5.134E-05	8.053E-06	5.955E-05	-1.127E-05	1.337E-04	4.027E-05	-2.324E-05	4.698E-05	6.363E-05	3.282E-05	1.195E-05	2.059E-05	2.865E-05	9.795E-06	-2.135E-06	-2.305E-05	-1.619E-05	-2.461E-05	
